596  11  0
56500.000000   57200.000000   0.693276   0.692613   0.407374   0.416151   0.377487   0.376766   0.285903   0.276463   288.027776   2
45900.000000   43500.000000   0.522549   0.652017   0.418370   0.445416   0.214458   0.333893   0.104179   0.206601   285.001754   18
39500.000000   42000.000000   0.771704   0.700678   0.419135   0.435335   0.467725   0.385591   0.352568   0.265343   256.070303   6
52600.000000   51100.000000   0.622240   0.646002   0.456480   0.467346   0.304093   0.327761   0.165760   0.178656   276.045286   16
54800.000000   53500.000000   0.616424   0.632419   0.378077   0.408265   0.298434   0.314123   0.238347   0.224154   287.111477   5
46100.000000   44700.000000   0.674488   0.676984   0.411944   0.438080   0.357305   0.359954   0.262545   0.238904   280.044639   18
43700.000000   42400.000000   0.602212   0.594557   0.411172   0.414280   0.284832   0.277637   0.191040   0.180277   269.046464   13
48000.000000   50100.000000   0.589379   0.631070   0.365678   0.393379   0.272822   0.312784   0.223701   0.237691   255.125459   20
48500.000000   48500.000000   0.654082   0.632870   0.383136   0.408112   0.336012   0.314571   0.270947   0.224758   262.017175   12
48200.000000   47200.000000   0.576031   0.612092   0.386190   0.418240   0.260604   0.294255   0.189841   0.193852   258.495648   3
49400.000000   49300.000000   0.634272   0.582010   0.409582   0.440424   0.315966   0.266042   0.224689   0.141587   264.068173   20
40300.000000   40900.000000   0.663926   0.642666   0.418656   0.437847   0.346202   0.324385   0.245270   0.204819   289.172959   6
60600.000000   61500.000000   0.545112   0.568283   0.373845   0.398427   0.233379   0.253641   0.171267   0.169856   270.029628   4
51800.000000   51400.000000   0.467408   0.561815   0.448569   0.444693   0.171586   0.247900   0.018839   0.117122   278.258872   16
47800.000000   48400.000000   0.619890   0.555059   0.409615   0.441179   0.301800   0.241974   0.210275   0.113881   278.044960   12
49400.000000   49200.000000   0.611365   0.620055   0.394878   0.422980   0.293556   0.301961   0.216487   0.197075   278.115084   20
47900.000000   49200.000000   0.696396   0.694254   0.427191   0.438205   0.380893   0.378553   0.269206   0.256049   260.123048   12
44900.000000   44600.000000   0.668900   0.631890   0.433127   0.447580   0.351409   0.313598   0.235773   0.184310   284.001761   18
45300.000000   44600.000000   0.675981   0.718267   0.432787   0.455820   0.358888   0.405193   0.243194   0.262447   268.151077   18
48300.000000   48100.000000   0.705190   0.720904   0.464404   0.489184   0.390573   0.408173   0.240786   0.231720   297.136332   12
41400.000000   42700.000000   0.635902   0.550086   0.382345   0.439720   0.317592   0.237657   0.253556   0.110366   264.189326   6
42600.000000   43700.000000   0.536896   0.595200   0.381356   0.395743   0.226397   0.278237   0.155540   0.199457   282.028367   13
50100.000000   49500.000000   0.613374   0.637339   0.354675   0.371224   0.295489   0.319030   0.258699   0.266115   297.015151   20
42700.000000   42100.000000   0.593765   0.651175   0.404992   0.412450   0.276898   0.333031   0.188774   0.238725   270.007407   6
41100.000000   41200.000000   0.558597   0.541668   0.422152   0.402176   0.245069   0.230439   0.136445   0.139492   275.045451   6
43000.000000   42700.000000   0.635236   0.763812   0.427652   0.450282   0.316927   0.458208   0.207584   0.313530   284.086255   13
41100.000000   41000.000000   0.652134   0.675889   0.422010   0.443270   0.334013   0.358791   0.230123   0.232619   288.015625   6
45400.000000   45100.000000   0.737346   0.735940   0.415294   0.417434   0.427004   0.425377   0.322052   0.318505   279.114672   18
50900.000000   49900.000000   0.645170   0.641323   0.391841   0.404236   0.326918   0.323030   0.253329   0.237087   297.001683   20
49300.000000   50800.000000   0.712108   0.655855   0.427317   0.454301   0.398274   0.337835   0.284790   0.201554   283.044166   20
50300.000000   51300.000000   0.597462   0.610258   0.374052   0.376359   0.280356   0.292494   0.223410   0.233899   266.067661   20
58900.000000   58900.000000   0.620409   0.586520   0.385635   0.416078   0.302306   0.270182   0.234774   0.170443   268.151077   2
33300.000000   31300.000000   0.676587   0.719611   0.423148   0.440069   0.359532   0.406710   0.253439   0.279542   286.141573   1
44700.000000   44700.000000   0.701736   0.787318   0.460541   0.458884   0.386756   0.486844   0.241195   0.328434   289.027680   18
44200.000000   44600.000000   0.647364   0.591580   0.417051   0.427952   0.329144   0.274863   0.230313   0.163628   285.296337   13
47500.000000   46500.000000   0.706759   0.719678   0.431680   0.465381   0.392313   0.406787   0.275079   0.254297   278.064741   3
51700.000000   51300.000000   0.647747   0.642208   0.452350   0.458945   0.329534   0.323923   0.195397   0.183264   283.063597   16
54400.000000   56000.000000   0.713708   0.691644   0.419757   0.433463   0.400066   0.375712   0.293951   0.258181   279.257945   5
49800.000000   50700.000000   0.655707   0.661719   0.410144   0.426328   0.337684   0.343904   0.245563   0.235391   275.089076   20
48000.000000   48300.000000   0.645152   0.672958   0.422301   0.445244   0.326899   0.355685   0.222851   0.227714   283.143073   12
44200.000000   45400.000000   0.698393   0.658624   0.400700   0.414854   0.383080   0.340694   0.297693   0.243770   279.351034   18
49300.000000   48500.000000   0.593910   0.659875   0.375586   0.382353   0.277032   0.341990   0.218324   0.277522   298.082203   12
52500.000000   52000.000000   0.530286   0.575350   0.364986   0.405302   0.220857   0.259988   0.165300   0.170048   280.144606   16
51800.000000   50800.000000   0.587097   0.633050   0.402697   0.422060   0.270713   0.314750   0.184400   0.210990   301.134521   16
42700.000000   44600.000000   0.620159   0.604399   0.423219   0.420857   0.302062   0.286905   0.196940   0.183542   269.118933   13
47000.000000   47100.000000   0.743814   0.683321   0.404547   0.434071   0.434529   0.366724   0.339267   0.249250   254.196774   3
38100.000000   37400.000000   0.602907   0.602883   0.409964   0.413207   0.285489   0.285467   0.192943   0.189676   292.001712   11
45400.000000   46200.000000   0.721187   0.672971   0.450866   0.452006   0.408494   0.355699   0.270321   0.220965   280.114262   9
51400.000000   51900.000000   0.711087   0.670419   0.402803   0.407584   0.397132   0.353006   0.308284   0.262835   279.145124   16
50500.000000   50300.000000   0.606616   0.667828   0.363599   0.410210   0.289014   0.350283   0.243018   0.257618   268.000000   20
43900.000000   44200.000000   0.643847   0.696082   0.430568   0.480679   0.325578   0.380549   0.213279   0.215403   290.043100   13
51600.000000   52800.000000   0.649855   0.709820   0.404522   0.412896   0.331682   0.395718   0.245332   0.296924   285.043856   16
51200.000000   52300.000000   0.675841   0.687222   0.440309   0.471000   0.358739   0.370924   0.235532   0.216223   270.029628   16
36000.000000   34900.000000   0.649477   0.588919   0.485930   0.456841   0.331297   0.272396   0.163547   0.132079   291.042952   8
48700.000000   48200.000000   0.621502   0.673566   0.406369   0.427782   0.303372   0.356328   0.215133   0.245785   281.087175   12
52400.000000   54800.000000   0.575530   0.552466   0.415572   0.405995   0.260151   0.239718   0.159959   0.146470   276.146700   5
50600.000000   50700.000000   0.712754   0.701150   0.441029   0.474887   0.398997   0.386111   0.271725   0.226264   264.068173   20
35500.000000   34400.000000   0.601184   0.606408   0.411616   0.409500   0.283861   0.288815   0.189569   0.196909   280.257025   8
39800.000000   39700.000000   0.677965   0.730003   0.411796   0.432373   0.360998   0.418543   0.266169   0.297630   281.455147   7
43500.000000   42600.000000   0.703518   0.676968   0.415988   0.445277   0.388723   0.359936   0.287530   0.231691   279.064509   13
47100.000000   46100.000000   0.707608   0.727902   0.464459   0.498869   0.393256   0.416136   0.243149   0.229033   262.047706   3
37000.000000   35200.000000   0.643271   0.650411   0.390162   0.416424   0.324996   0.332251   0.253109   0.233987   275.029089   8
30600.000000   31000.000000   0.560290   0.596696   0.372943   0.394143   0.246556   0.279638   0.187347   0.202552   277.028879   1
31100.000000   31400.000000   0.580053   0.584234   0.456096   0.487154   0.264256   0.268079   0.123957   0.097080   286.000000   1
45000.000000   44500.000000   0.609649   0.606862   0.433547   0.454226   0.291911   0.289247   0.176103   0.152635   268.315113   18
39000.000000   36700.000000   0.659811   0.689742   0.448013   0.461144   0.341924   0.373648   0.211799   0.228597   276.001812   11
42000.000000   41900.000000   0.583189   0.532705   0.411977   0.422291   0.267121   0.222876   0.171212   0.110414   294.027210   6
50400.000000   49700.000000   0.596004   0.640349   0.394609   0.398871   0.278989   0.322050   0.201394   0.241478   265.228204   20
48400.000000   49100.000000   0.647525   0.677615   0.409361   0.427546   0.329309   0.360625   0.238164   0.250069   250.241883   12
33500.000000   31900.000000   0.553473   0.525656   0.404521   0.413170   0.240593   0.217016   0.148952   0.112486   277.045123   1
47600.000000   46700.000000   0.561291   0.601081   0.430959   0.433706   0.247437   0.283763   0.130331   0.167375   272.029410   3
42200.000000   41700.000000   0.658377   0.603598   0.434741   0.444697   0.340438   0.286145   0.223635   0.158901   278.404382   6
40200.000000   39900.000000   0.700033   0.641788   0.441584   0.480638   0.384881   0.323499   0.258448   0.161150   259.001930   7
39800.000000   40100.000000   0.702847   0.732054   0.459348   0.472039   0.387981   0.420897   0.243498   0.260015   300.006667   7
45600.000000   44700.000000   0.666889   0.673610   0.426296   0.426593   0.349299   0.356374   0.240594   0.247016   282.086866   18
44800.000000   44100.000000   0.620478   0.665027   0.420013   0.425335   0.302372   0.347351   0.200465   0.239693   286.393087   13
42600.000000   41500.000000   0.705274   0.728558   0.380263   0.417175   0.390666   0.416886   0.325011   0.311383   284.212948   6
42500.000000   42600.000000   0.621986   0.600641   0.419051   0.439085   0.303844   0.283348   0.202935   0.161557   268.046638   13
38500.000000   39800.000000   0.708148   0.681750   0.425879   0.467018   0.393857   0.365039   0.282269   0.214731   268.016791   7
26600.000000   26700.000000   0.349335   0.445596   0.344082   0.385158   0.095846   0.155945   0.005254   0.060438   267.046812   17
41400.000000   42300.000000   0.649514   0.671619   0.424600   0.431912   0.331335   0.354272   0.224914   0.239707   272.148856   6
37600.000000   36600.000000   0.555233   0.542622   0.423365   0.436185   0.242125   0.231252   0.131867   0.106437   273.045784   8
40600.000000   41000.000000   0.583960   0.597880   0.436632   0.418405   0.267828   0.280749   0.147328   0.179475   276.001812   6
44100.000000   43300.000000   0.712895   0.718441   0.422579   0.439187   0.399154   0.405389   0.290316   0.279254   285.001754   13
36400.000000   34200.000000   0.574929   0.622521   0.415686   0.432509   0.259608   0.304368   0.159243   0.190013   294.006803   8
36600.000000   35700.000000   0.576988   0.596575   0.351858   0.386021   0.261471   0.279525   0.225131   0.210554   275.147233   8
33100.000000   31600.000000   0.565418   0.595209   0.404352   0.436060   0.251090   0.278246   0.161066   0.159149   278.016187   1
43400.000000   40500.000000   0.604213   0.612239   0.428916   0.456406   0.286727   0.294396   0.175296   0.155832   272.045952   6
38400.000000   37500.000000   0.719593   0.560583   0.409643   0.405036   0.406690   0.246814   0.309950   0.155547   276.305990   11
51100.000000   51500.000000   0.672431   0.689254   0.397173   0.407719   0.355128   0.373120   0.275258   0.281534   282.086866   16
49900.000000   48900.000000   0.684693   0.705446   0.426831   0.448168   0.368198   0.390856   0.257862   0.257277   256.031248   20
42300.000000   41200.000000   0.744166   0.769724   0.433624   0.459771   0.434941   0.465329   0.310543   0.309954   276.065210   6
33500.000000   36000.000000   0.736727   0.749027   0.471054   0.479101   0.426288   0.440641   0.265673   0.269926   244.165927   8
37200.000000   36100.000000   0.646307   0.690802   0.405022   0.458343   0.328071   0.374797   0.241285   0.232459   271.184439   8
41000.000000   40700.000000   0.597750   0.647153   0.455310   0.455846   0.280627   0.328930   0.142440   0.191307   300.239904   6
43500.000000   42900.000000   0.668023   0.606821   0.404312   0.409907   0.350488   0.289209   0.263711   0.196914   267.226496   13
39900.000000   39900.000000   0.709400   0.721758   0.399278   0.395365   0.395250   0.409141   0.310122   0.326392   302.059597   7
32200.000000   31600.000000   0.727562   0.686316   0.482318   0.509299   0.415748   0.369946   0.245244   0.177017   289.027680   1
44800.000000   45200.000000   0.694329   0.701998   0.416159   0.412871   0.378635   0.387045   0.278170   0.289127   278.028775   18
43700.000000   43900.000000   0.681651   0.683073   0.391478   0.405920   0.364933   0.366457   0.290173   0.277153   280.044639   13
42700.000000   44400.000000   0.690589   0.722646   0.467443   0.463348   0.374567   0.410148   0.223146   0.259298   269.029738   13
44500.000000   45100.000000   0.684540   0.669471   0.401438   0.398078   0.368033   0.352009   0.283102   0.271393   275.045451   18
44600.000000   43200.000000   0.586493   0.585962   0.402825   0.427584   0.270156   0.269668   0.183668   0.158378   251.071703   13
41600.000000   41400.000000   0.675384   0.581896   0.420897   0.436726   0.358254   0.265938   0.254487   0.145170   292.061637   6
52900.000000   52900.000000   0.702033   0.645336   0.354731   0.392312   0.387084   0.327086   0.347302   0.253024   253.333772   16
41300.000000   41700.000000   0.616700   0.585998   0.410543   0.436198   0.298702   0.269700   0.206157   0.149799   260.001923   6
33400.000000   33300.000000   0.613533   0.603109   0.363749   0.390396   0.295642   0.285681   0.249784   0.212713   287.141080   1
43400.000000   44500.000000   0.675079   0.679583   0.411192   0.426566   0.357931   0.362723   0.263887   0.253017   280.257025   13
48900.000000   47500.000000   0.551116   0.675496   0.401989   0.429842   0.238548   0.358373   0.149127   0.245654   288.140591   12
53700.000000   52000.000000   0.564758   0.629217   0.364802   0.384532   0.250504   0.310950   0.199956   0.244685   272.413289   16
50300.000000   49400.000000   0.640091   0.725788   0.429739   0.434689   0.321791   0.413722   0.210352   0.291099   267.366789   20
48800.000000   48300.000000   0.655941   0.680463   0.384489   0.389544   0.337924   0.363663   0.271451   0.290919   273.001831   12
53400.000000   52900.000000   0.558380   0.599387   0.411679   0.415161   0.244878   0.282166   0.146701   0.184225   300.026665   16
42100.000000   43000.000000   0.741668   0.699014   0.441100   0.439513   0.432025   0.383761   0.300568   0.259500   290.062062   13
57100.000000   58900.000000   0.684551   0.654585   0.383056   0.390048   0.368045   0.336528   0.301495   0.264537   275.116339   2
53900.000000   51600.000000   0.535765   0.595900   0.360270   0.384380   0.225444   0.278892   0.175496   0.211519   247.000000   16
52900.000000   52700.000000   0.498496   0.489058   0.388372   0.425874   0.195170   0.187849   0.110124   0.063184   289.140104   16
53400.000000   54100.000000   0.650417   0.591020   0.366678   0.397945   0.332256   0.274344   0.283738   0.193075   295.061011   5
42900.000000   44100.000000   0.675708   0.643750   0.374619   0.395896   0.358598   0.325480   0.301089   0.247854   284.112654   13
50100.000000   52000.000000   0.589213   0.594960   0.366378   0.373476   0.272668   0.278013   0.222835   0.221483   299.167177   20
56600.000000   55600.000000   0.575956   0.616344   0.402244   0.388661   0.260537   0.298357   0.173712   0.227683   252.160663   5
53400.000000   52800.000000   0.625281   0.616395   0.426180   0.440640   0.307072   0.298406   0.199101   0.175755   279.114672   16
50000.000000   49400.000000   0.625839   0.588994   0.379570   0.396361   0.307620   0.272465   0.246268   0.192633   278.088116   20
49400.000000   50600.000000   0.666970   0.667844   0.427278   0.455389   0.349383   0.350300   0.239692   0.212455   288.140591   20
43700.000000   43200.000000   0.574210   0.610029   0.322506   0.340896   0.258959   0.292274   0.251704   0.269133   265.188612   13
52500.000000   52100.000000   0.653642   0.635239   0.391899   0.431734   0.335559   0.316930   0.261742   0.203505   285.175385   16
52100.000000   52900.000000   0.673796   0.590728   0.383757   0.439487   0.356572   0.274072   0.290040   0.151240   262.230814   16
44800.000000   46900.000000   0.627961   0.618021   0.354555   0.378478   0.309710   0.299983   0.273406   0.239543   281.044480   9
40400.000000   39900.000000   0.553465   0.556328   0.375295   0.390561   0.240586   0.243081   0.178170   0.165767   274.116763   6
45400.000000   45700.000000   0.649326   0.638815   0.387388   0.399685   0.331143   0.320509   0.261938   0.239130   282.255204   15
57300.000000   55800.000000   0.684142   0.661097   0.383329   0.382685   0.367606   0.343257   0.300813   0.278412   265.092437   2
44400.000000   45100.000000   0.606279   0.671295   0.386125   0.389490   0.288692   0.353930   0.220154   0.281805   292.138666   18
53900.000000   54100.000000   0.615718   0.581770   0.386215   0.403217   0.297751   0.265823   0.229503   0.178553   308.233678   5
55800.000000   54400.000000   0.605264   0.613525   0.386816   0.384615   0.287727   0.295634   0.218449   0.228910   268.046638   5
48200.000000   47800.000000   0.603777   0.583059   0.379966   0.421131   0.286314   0.267002   0.223811   0.161928   283.028267   12
53600.000000   54500.000000   0.699353   0.718004   0.399169   0.405460   0.384134   0.404897   0.300184   0.312544   279.001792   5
52400.000000   54000.000000   0.681424   0.694743   0.407965   0.413736   0.364691   0.379086   0.273460   0.281007   257.939915   16
55600.000000   53200.000000   0.582444   0.553158   0.372736   0.416238   0.266439   0.240319   0.209708   0.136920   279.216762   5
55300.000000   56000.000000   0.677046   0.626467   0.377546   0.368056   0.360020   0.308239   0.299500   0.258411   267.151642   5
55300.000000   55700.000000   0.553829   0.529271   0.345992   0.379039   0.240903   0.220012   0.207837   0.150232   260.432333   5
51000.000000   51400.000000   0.531535   0.586638   0.391428   0.414658   0.221898   0.270291   0.140107   0.171981   263.273622   16
42800.000000   44800.000000   0.663840   0.618024   0.406273   0.416719   0.346112   0.299985   0.257567   0.201304   295.083039   13
51800.000000   48800.000000   0.571466   0.640848   0.372023   0.409937   0.256490   0.322552   0.199442   0.230911   289.338902   20
54500.000000   55100.000000   0.626588   0.595943   0.382542   0.396840   0.308357   0.278932   0.244046   0.199103   275.065447   5
42800.000000   43200.000000   0.582667   0.636481   0.351537   0.387548   0.266644   0.318171   0.231131   0.248933   264.047344   13
55400.000000   55500.000000   0.670874   0.611972   0.365279   0.413056   0.353486   0.294140   0.305596   0.198916   271.090391   5
49400.000000   47800.000000   0.611063   0.656833   0.381508   0.398978   0.293266   0.338844   0.229555   0.257855   275.045451   12
48400.000000   46300.000000   0.583354   0.658279   0.427958   0.449099   0.267272   0.340337   0.155396   0.209180   288.043400   3
51700.000000   52200.000000   0.709212   0.667649   0.389436   0.420814   0.395041   0.350095   0.319776   0.246835   281.028468   16
47200.000000   49700.000000   0.685163   0.673777   0.364183   0.360328   0.368704   0.356552   0.320980   0.313449   277.016245   12
46500.000000   45900.000000   0.544546   0.604212   0.383242   0.405398   0.232895   0.286727   0.161304   0.198815   286.504799   3
59500.000000   58800.000000   0.653913   0.738542   0.398786   0.425008   0.335838   0.428391   0.255127   0.313535   249.098374   2
48700.000000   46900.000000   0.626381   0.581281   0.364189   0.375723   0.308154   0.265376   0.262192   0.205558   284.142570   12
50100.000000   49600.000000   0.663485   0.660553   0.363976   0.398518   0.345742   0.342693   0.299510   0.262035   265.228204   20
53400.000000   53600.000000   0.691655   0.695820   0.391762   0.420336   0.375724   0.380263   0.299893   0.275484   279.064509   5
58300.000000   59700.000000   0.683792   0.776898   0.422280   0.407797   0.367230   0.474043   0.261512   0.369100   281.215220   2
47000.000000   49700.000000   0.636871   0.597246   0.401620   0.434108   0.318561   0.280154   0.235251   0.163139   268.067156   12
37600.000000   37400.000000   0.481950   0.484071   0.357462   0.356519   0.182429   0.184038   0.124488   0.127552   294.083322   11
52800.000000   52300.000000   0.632660   0.664972   0.414147   0.447103   0.314362   0.347294   0.218513   0.217870   279.064509   16
54800.000000   55200.000000   0.513541   0.517380   0.348336   0.371864   0.207128   0.210237   0.165205   0.145516   290.015517   5
47800.000000   47400.000000   0.564957   0.636645   0.398888   0.385371   0.250680   0.318335   0.166068   0.251274   302.165518   3
43700.000000   43200.000000   0.494966   0.507854   0.384957   0.407925   0.192416   0.202566   0.110010   0.099929   296.001689   13
57100.000000   55600.000000   0.660234   0.609958   0.405228   0.419862   0.342363   0.292206   0.255006   0.190096   283.015901   2
40500.000000   42000.000000   0.602756   0.597665   0.373808   0.390546   0.285347   0.280547   0.228948   0.207119   273.016483   6
49800.000000   47800.000000   0.660635   0.710256   0.402579   0.413070   0.342778   0.396205   0.258056   0.297187   269.150516   12
52000.000000   51500.000000   0.624894   0.589354   0.402895   0.421589   0.306692   0.272798   0.221999   0.167765   283.176623   16
42400.000000   41300.000000   0.552952   0.535538   0.402567   0.419527   0.240140   0.225253   0.150385   0.116011   271.149405   6
44100.000000   46500.000000   0.670326   0.646763   0.424835   0.441539   0.352908   0.328534   0.245491   0.205224   299.026755   15
51600.000000   52600.000000   0.641482   0.619655   0.407462   0.417137   0.323191   0.301571   0.234021   0.202518   270.090725   16
47800.000000   48900.000000   0.605471   0.613376   0.428158   0.465294   0.287923   0.295491   0.177313   0.148083   282.007092   12
53400.000000   54700.000000   0.668526   0.695859   0.403930   0.453248   0.351015   0.380305   0.264596   0.242611   267.067407   5
46800.000000   46600.000000   0.749024   0.714677   0.403042   0.417961   0.440637   0.401152   0.345981   0.296716   266.317480   3
56800.000000   57500.000000   0.732527   0.616277   0.396492   0.412128   0.421441   0.298292   0.336034   0.204149   286.000000   2
59100.000000   61700.000000   0.614394   0.639351   0.437858   0.451425   0.296472   0.321047   0.176536   0.187925   282.086866   4
55600.000000   55500.000000   0.728655   0.673550   0.389155   0.409542   0.416998   0.356312   0.339500   0.264008   281.000000   5
45600.000000   46400.000000   0.654078   0.712880   0.387868   0.400267   0.336008   0.399137   0.266210   0.312613   298.283422   9
49200.000000   48300.000000   0.646872   0.654345   0.406687   0.456367   0.328644   0.336281   0.240185   0.197978   282.177249   12
46700.000000   45100.000000   0.484906   0.596907   0.405541   0.401366   0.184673   0.279836   0.079365   0.195541   301.081384   9
50800.000000   48800.000000   0.610183   0.610751   0.413514   0.426647   0.292422   0.292967   0.196669   0.184104   277.115499   20
59600.000000   61100.000000   0.698965   0.729035   0.403201   0.410711   0.383708   0.417433   0.295764   0.318324   297.000000   4
55900.000000   56800.000000   0.650566   0.616053   0.391689   0.405304   0.332408   0.298075   0.258877   0.210748   275.001818   2
38000.000000   36100.000000   0.642618   0.662637   0.399576   0.450423   0.324336   0.344859   0.243041   0.212214   296.285335   8
47400.000000   45900.000000   0.539918   0.597039   0.425186   0.435095   0.228953   0.279959   0.114733   0.161944   276.065210   3
49300.000000   47300.000000   0.714788   0.737372   0.412259   0.417336   0.401277   0.427035   0.302529   0.320036   283.213700   12
46500.000000   46200.000000   0.621304   0.615608   0.379369   0.399310   0.303178   0.297645   0.241935   0.216298   287.391719   3
44500.000000   46000.000000   0.566354   0.618421   0.388995   0.407199   0.251922   0.300371   0.177359   0.211223   274.220714   15
46400.000000   46700.000000   0.593418   0.621333   0.416358   0.430340   0.276574   0.303206   0.177060   0.190992   273.089729   3
45400.000000   44700.000000   0.502228   0.537194   0.375969   0.391106   0.198103   0.226649   0.126259   0.146088   286.447203   18
50900.000000   50900.000000   0.537151   0.573674   0.381656   0.394204   0.226612   0.258476   0.155494   0.179469   287.111477   20
51200.000000   51000.000000   0.607588   0.610132   0.404183   0.408774   0.289941   0.292373   0.203406   0.201358   296.060805   20
46800.000000   46800.000000   0.654215   0.679593   0.399007   0.429683   0.336149   0.362733   0.255208   0.249909   297.006734   3
41500.000000   39300.000000   0.626439   0.627308   0.394913   0.425809   0.308210   0.309066   0.231526   0.201499   293.083606   6
49500.000000   49700.000000   0.646973   0.709940   0.412309   0.434966   0.328747   0.395852   0.234665   0.274974   288.111090   20
48500.000000   49700.000000   0.623116   0.666003   0.409929   0.434611   0.304949   0.348371   0.213187   0.231391   267.029961   20
54700.000000   55400.000000   0.704255   0.640067   0.441622   0.450076   0.389537   0.321767   0.262633   0.189991   274.147770   5
48100.000000   47200.000000   0.611656   0.639134   0.370682   0.386586   0.293835   0.320829   0.240974   0.252548   306.080055   3
47900.000000   48400.000000   0.662146   0.649504   0.391909   0.402885   0.344348   0.331324   0.270237   0.246619   307.058626   12
50800.000000   51400.000000   0.613353   0.628802   0.386538   0.400470   0.295469   0.310540   0.226816   0.228332   305.104900   20
49400.000000   49700.000000   0.687226   0.653863   0.357041   0.383786   0.370927   0.335787   0.330184   0.270077   274.116763   20
63100.000000   64000.000000   0.642637   0.620890   0.410293   0.420041   0.324356   0.302774   0.232344   0.200848   273.001831   4
47400.000000   47800.000000   0.675776   0.644504   0.369687   0.397242   0.358670   0.326243   0.306089   0.247262   278.007194   3
54400.000000   55800.000000   0.668650   0.642814   0.371284   0.399298   0.351146   0.324534   0.297365   0.243515   274.116763   5
50000.000000   51500.000000   0.632040   0.583627   0.377859   0.393970   0.313747   0.267523   0.254182   0.189657   282.347304   20
40400.000000   40500.000000   0.690541   0.699965   0.421680   0.445429   0.374515   0.384806   0.268861   0.254536   272.148856   6
49100.000000   50300.000000   0.715490   0.657530   0.377154   0.402322   0.402066   0.339564   0.338336   0.255208   275.089076   20
47700.000000   48300.000000   0.602993   0.614124   0.409219   0.430433   0.285571   0.296211   0.193774   0.183691   288.173559   12
48000.000000   47700.000000   0.603719   0.600355   0.448577   0.459303   0.286259   0.283078   0.155142   0.141052   284.086255   12
52700.000000   54900.000000   0.637702   0.645745   0.397095   0.407007   0.319393   0.327500   0.240607   0.238737   283.044166   5
46900.000000   48400.000000   0.619741   0.691833   0.409411   0.443734   0.301655   0.375917   0.210331   0.248099   281.348538   12
48200.000000   46900.000000   0.572392   0.603490   0.376965   0.400855   0.257322   0.286042   0.195427   0.202635   290.027585   3
41500.000000   40800.000000   0.625095   0.622545   0.411794   0.413289   0.306889   0.304391   0.213301   0.209256   275.147233   6
51500.000000   52900.000000   0.568334   0.617907   0.418764   0.447115   0.253687   0.299872   0.149570   0.170792   297.082480   16
53000.000000   52800.000000   0.635291   0.595752   0.391756   0.411048   0.316982   0.278754   0.243535   0.184704   275.016363   16
49800.000000   51500.000000   0.651344   0.695022   0.425607   0.468047   0.333205   0.379391   0.225738   0.226975   271.265553   20
41400.000000   41100.000000   0.659708   0.696873   0.399891   0.412756   0.341817   0.381415   0.259817   0.284117   299.107004   6
44900.000000   43100.000000   0.637215   0.666417   0.380194   0.409647   0.318905   0.348805   0.257021   0.256770   277.218326   13
55000.000000   53800.000000   0.576506   0.571733   0.383260   0.392542   0.261035   0.256729   0.193246   0.179191   276.305990   5
52100.000000   50600.000000   0.636074   0.593649   0.384895   0.416840   0.317765   0.276789   0.251180   0.176809   270.001852   16
46300.000000   45700.000000   0.670658   0.678413   0.401704   0.406796   0.353259   0.361475   0.268955   0.271617   284.015845   9
43700.000000   40700.000000   0.579726   0.599158   0.358172   0.395829   0.263958   0.281950   0.221554   0.203329   271.265553   6
44200.000000   44500.000000   0.728348   0.750248   0.437705   0.438772   0.416647   0.442079   0.290643   0.311476   276.181100   13
42600.000000   42800.000000   0.704824   0.664360   0.387471   0.403471   0.390167   0.346654   0.317352   0.260889   285.001754   13
44300.000000   45600.000000   0.552073   0.563080   0.403452   0.443488   0.239377   0.249018   0.148622   0.119593   270.599335   15
50000.000000   49500.000000   0.627509   0.657107   0.398393   0.404610   0.309264   0.339126   0.229116   0.252496   277.180447   20
47600.000000   46300.000000   0.657358   0.662239   0.374602   0.397850   0.339386   0.344445   0.282756   0.264389   296.027026   3
45400.000000   47100.000000   0.681187   0.695785   0.412538   0.426722   0.364437   0.380224   0.268649   0.269062   307.014658   3
43100.000000   43500.000000   0.639552   0.605652   0.369211   0.387907   0.321249   0.288095   0.270341   0.217745   289.110705   13
47800.000000   47400.000000   0.670971   0.562261   0.361130   0.381300   0.353588   0.248294   0.309841   0.180961   294.006803   3
40000.000000   39900.000000   0.773969   0.738647   0.472563   0.466271   0.470475   0.428513   0.301406   0.272377   262.230814   7
42500.000000   41000.000000   0.694655   0.668455   0.416898   0.455409   0.378990   0.350941   0.277756   0.213046   288.043400   6
47800.000000   47000.000000   0.732900   0.605732   0.396695   0.407487   0.421870   0.288171   0.336204   0.198244   277.045123   3
50300.000000   51900.000000   0.694598   0.617315   0.385337   0.421091   0.378928   0.299298   0.309261   0.196223   275.089076   20
43500.000000   43300.000000   0.690522   0.698641   0.387475   0.402473   0.374494   0.383352   0.303047   0.296168   268.225651   13
43900.000000   43800.000000   0.651712   0.645821   0.498622   0.480815   0.333581   0.327577   0.153090   0.165006   275.000000   13
43900.000000   43300.000000   0.626913   0.666961   0.428766   0.475511   0.308677   0.349374   0.198147   0.191450   292.207118   13
45600.000000   45600.000000   0.668535   0.584098   0.411168   0.415169   0.351025   0.267954   0.257367   0.168928   274.116763   18
43000.000000   42900.000000   0.598569   0.612856   0.363160   0.413591   0.281397   0.294989   0.235409   0.199265   259.192978   13
50600.000000   51400.000000   0.647569   0.556314   0.418802   0.409031   0.329353   0.243070   0.228767   0.147284   268.119376   20
39600.000000   39300.000000   0.543232   0.617190   0.413786   0.442425   0.231772   0.299176   0.129446   0.174764   293.138193   7
42500.000000   43000.000000   0.759071   0.765553   0.440552   0.455450   0.452538   0.460299   0.318519   0.310103   282.028367   13
44100.000000   44900.000000   0.627304   0.655479   0.399244   0.403195   0.309062   0.337449   0.228060   0.252284   290.062062   13
45200.000000   46700.000000   0.700531   0.678635   0.409367   0.412559   0.385429   0.361711   0.291164   0.266076   282.000000   9
45500.000000   48100.000000   0.715571   0.684582   0.386243   0.412650   0.402157   0.368079   0.329328   0.271932   277.007220   3
45900.000000   45400.000000   0.684608   0.685868   0.405297   0.442971   0.368106   0.369463   0.279311   0.242896   279.179154   18
38700.000000   38600.000000   0.626212   0.636551   0.423661   0.457996   0.307987   0.318241   0.202551   0.178554   279.114672   11
43700.000000   43100.000000   0.563609   0.617168   0.377108   0.373442   0.249485   0.299156   0.186500   0.243727   263.030416   13
49600.000000   48800.000000   0.599975   0.609651   0.353546   0.358744   0.282719   0.291912   0.246429   0.250907   283.028267   20
45400.000000   44800.000000   0.636962   0.661105   0.398782   0.409716   0.318652   0.343266   0.238180   0.251389   283.113052   18
45600.000000   43600.000000   0.616390   0.604642   0.443034   0.477819   0.298401   0.287136   0.173356   0.126824   281.016014   18
47800.000000   47400.000000   0.759923   0.706204   0.405772   0.432593   0.453554   0.391697   0.354151   0.273611   295.027117   3
50600.000000   49500.000000   0.744256   0.799170   0.418904   0.461256   0.435046   0.501612   0.325352   0.337914   273.045784   20
44100.000000   43100.000000   0.600115   0.652859   0.420364   0.432060   0.282851   0.334756   0.179751   0.220798   279.044799   13
43600.000000   43200.000000   0.636823   0.754239   0.447381   0.476782   0.318514   0.446795   0.189442   0.277457   287.001742   13
46800.000000   48900.000000   0.638066   0.617033   0.409640   0.411596   0.319758   0.299025   0.228426   0.205437   294.015306   12
37700.000000   37900.000000   0.620704   0.625844   0.367274   0.366071   0.302593   0.307625   0.253430   0.259773   299.001672   11
33500.000000   31100.000000   0.723673   0.688964   0.439218   0.493112   0.411315   0.372806   0.284456   0.195852   272.148856   1
44500.000000   43700.000000   0.597217   0.600214   0.392025   0.377283   0.280127   0.282945   0.205192   0.222931   279.087800   13
49600.000000   48000.000000   0.753371   0.763707   0.428737   0.464271   0.445767   0.458083   0.324634   0.299436   270.066658   12
40200.000000   40500.000000   0.566516   0.588339   0.374120   0.386313   0.252066   0.271860   0.192395   0.202027   290.248170   6
45200.000000   44500.000000   0.619985   0.633052   0.385423   0.408254   0.301892   0.314753   0.234562   0.224799   277.461709   18
45800.000000   44800.000000   0.591137   0.594146   0.401094   0.426368   0.274452   0.277253   0.190043   0.167778   265.092437   18
46000.000000   47800.000000   0.697930   0.666955   0.389495   0.418814   0.382572   0.349368   0.308435   0.248141   266.608327   3
40800.000000   40400.000000   0.518389   0.555210   0.375541   0.403772   0.211058   0.242106   0.142848   0.151438   271.414812   6
43500.000000   44700.000000   0.654919   0.658550   0.446455   0.451963   0.336872   0.340618   0.208464   0.206587   282.214457   13
45700.000000   45000.000000   0.653038   0.685171   0.379420   0.390231   0.334940   0.368713   0.273618   0.294940   278.145645   18
35400.000000   32700.000000   0.699669   0.731178   0.424247   0.451127   0.384481   0.419890   0.275423   0.280051   284.212948   1
41100.000000   40200.000000   0.517489   0.545524   0.348930   0.369726   0.210325   0.233732   0.168559   0.175799   282.255204   6
42300.000000   41400.000000   0.657830   0.640296   0.428526   0.457669   0.339873   0.321997   0.229304   0.182627   280.401498   6
42700.000000   43500.000000   0.639229   0.655574   0.357581   0.386492   0.320925   0.337546   0.281649   0.269082   290.043100   13
41500.000000   40900.000000   0.528346   0.542412   0.375181   0.398856   0.219244   0.231072   0.153166   0.143556   258.379566   6
47200.000000   48300.000000   0.632616   0.672736   0.395745   0.429107   0.314319   0.355451   0.236872   0.243630   258.234390   12
44400.000000   45100.000000   0.665557   0.623254   0.413680   0.412537   0.347905   0.305084   0.251877   0.210717   273.468463   18
53900.000000   51900.000000   0.518144   0.532761   0.378871   0.416549   0.210859   0.222923   0.139273   0.116213   259.094577   16
45400.000000   44900.000000   0.651025   0.659357   0.406131   0.449778   0.332878   0.341453   0.244894   0.209580   268.091402   18
35800.000000   36000.000000   0.639449   0.612193   0.361527   0.373587   0.321145   0.294351   0.277922   0.238606   267.226496   8
47800.000000   46700.000000   0.595022   0.603186   0.386154   0.396351   0.278071   0.285754   0.208869   0.206835   296.243143   3
42900.000000   41400.000000   0.608028   0.601676   0.393258   0.384268   0.290360   0.284325   0.214770   0.217408   268.119376   6
37500.000000   37000.000000   0.534135   0.557934   0.433040   0.424946   0.224074   0.244487   0.101095   0.132988   284.028168   8
48700.000000   48800.000000   0.594296   0.583021   0.419143   0.424386   0.277393   0.266967   0.175153   0.158635   276.065210   12
42200.000000   42200.000000   0.631375   0.594411   0.447228   0.424775   0.313087   0.277501   0.184147   0.169636   272.066168   6
41000.000000   41200.000000   0.630076   0.716882   0.412294   0.422540   0.311800   0.403631   0.217782   0.294342   267.187200   6
44800.000000   45000.000000   0.623619   0.635321   0.369532   0.402499   0.305442   0.317012   0.254088   0.232822   294.042514   18
47200.000000   45700.000000   0.566059   0.550777   0.402443   0.410336   0.251659   0.238255   0.163616   0.140441   274.262648   3
44200.000000   43900.000000   0.607228   0.539816   0.423562   0.449349   0.289597   0.228866   0.183666   0.090467   267.091745   13
51000.000000   49800.000000   0.584331   0.631719   0.397354   0.417395   0.268168   0.313428   0.186977   0.214324   277.304886   20
38400.000000   39000.000000   0.497213   0.680737   0.399421   0.441666   0.194167   0.363955   0.097792   0.239071   274.089401   11
33600.000000   32700.000000   0.643331   0.630110   0.439487   0.484884   0.325057   0.311834   0.203844   0.145226   288.062493   1
45000.000000   47100.000000   0.748101   0.756834   0.432850   0.439897   0.439552   0.449875   0.315251   0.316937   271.066413   9
36500.000000   35800.000000   0.617030   0.603483   0.451896   0.475238   0.299021   0.286036   0.165134   0.128246   286.085652   8
44300.000000   44600.000000   0.606308   0.766767   0.448813   0.424591   0.288720   0.461761   0.157496   0.342177   266.007519   13
46300.000000   45400.000000   0.732309   0.691087   0.438397   0.459554   0.421191   0.375107   0.293912   0.231533   294.042514   9
47500.000000   45900.000000   0.672458   0.614684   0.440576   0.448539   0.355157   0.296752   0.231882   0.166145   295.137256   3
48800.000000   49300.000000   0.662898   0.627259   0.417188   0.419647   0.345130   0.309018   0.245710   0.207612   284.063373   20
37500.000000   37500.000000   0.631112   0.677199   0.411721   0.447058   0.312826   0.360183   0.219391   0.230141   288.444102   11
53200.000000   53000.000000   0.606811   0.638102   0.386852   0.411494   0.289199   0.319794   0.219959   0.226608   285.175385   16
43800.000000   43200.000000   0.573230   0.589108   0.385047   0.425625   0.258076   0.272571   0.188183   0.163483   281.215220   13
45500.000000   46300.000000   0.617379   0.646479   0.386009   0.401271   0.299360   0.328245   0.231371   0.245207   257.095313   9
46100.000000   47100.000000   0.610431   0.613707   0.383702   0.408292   0.292660   0.295810   0.226729   0.205415   270.090725   3
48400.000000   48800.000000   0.776779   0.741863   0.398050   0.426573   0.473897   0.432252   0.378729   0.315289   270.066658   12
41500.000000   42500.000000   0.564223   0.603993   0.444905   0.457175   0.250029   0.286519   0.119318   0.146817   292.207118   6
48400.000000   49300.000000   0.649593   0.667850   0.411033   0.433206   0.331416   0.350307   0.238560   0.234644   289.015571   12
50900.000000   50000.000000   0.678271   0.724026   0.389495   0.397131   0.361324   0.411717   0.288776   0.326895   272.222336   20
46400.000000   45700.000000   0.659866   0.741247   0.433884   0.446962   0.341980   0.431535   0.225982   0.294285   277.304886   3
38700.000000   38800.000000   0.576785   0.577663   0.388571   0.388125   0.261287   0.262083   0.188214   0.189538   293.170599   11
43900.000000   45900.000000   0.656736   0.634446   0.389399   0.391636   0.338744   0.316140   0.267337   0.242810   285.085952   15
47000.000000   49300.000000   0.631527   0.605852   0.396194   0.401308   0.313237   0.288286   0.235333   0.204544   275.065447   12
55300.000000   54000.000000   0.734747   0.669156   0.441593   0.490471   0.424000   0.351677   0.293154   0.178685   265.152786   5
42900.000000   43000.000000   0.682184   0.671983   0.415515   0.446113   0.365505   0.354655   0.266669   0.225869   277.016245   13
36500.000000   35100.000000   0.608061   0.568308   0.386791   0.417163   0.290392   0.253664   0.221271   0.151145   272.183761   8
43000.000000   42200.000000   0.690069   0.625553   0.438351   0.454128   0.374003   0.307340   0.251718   0.171425   275.045451   13
46600.000000   46800.000000   0.683896   0.647837   0.460474   0.479491   0.367342   0.329625   0.223423   0.168345   272.007353   3
47500.000000   47400.000000   0.514500   0.561137   0.407264   0.420069   0.207903   0.247302   0.107235   0.141069   275.045451   3
46600.000000   46100.000000   0.641314   0.697157   0.399173   0.421332   0.323021   0.381726   0.242141   0.275825   287.141080   3
52300.000000   52100.000000   0.680257   0.656961   0.413515   0.423830   0.363442   0.338976   0.266741   0.233132   268.091402   16
54900.000000   55500.000000   0.568807   0.612867   0.396509   0.412613   0.254109   0.295000   0.172297   0.200254   272.016544   5
51100.000000   50200.000000   0.675774   0.668224   0.374311   0.365728   0.358669   0.350699   0.301463   0.302496   270.149958   20
41800.000000   41800.000000   0.634352   0.688160   0.461750   0.444868   0.316046   0.371936   0.172602   0.243291   268.046638   6
49300.000000   48300.000000   0.777116   0.720766   0.400066   0.417753   0.474310   0.408018   0.377051   0.303013   276.028984   12
54800.000000   53200.000000   0.584640   0.649677   0.412652   0.428223   0.268452   0.331501   0.171988   0.221454   267.091745   5
46300.000000   48100.000000   0.751158   0.701519   0.428444   0.453330   0.443152   0.386517   0.322714   0.248189   270.000000   3
43300.000000   44800.000000   0.577949   0.626570   0.388046   0.416335   0.262343   0.308339   0.189904   0.210236   275.001818   13
45700.000000   44700.000000   0.622215   0.614303   0.382042   0.388347   0.304068   0.296384   0.240173   0.225955   266.120274   18
50900.000000   52800.000000   0.562005   0.531135   0.369173   0.377642   0.248068   0.221565   0.192833   0.153494   254.159399   16
44500.000000   46400.000000   0.618653   0.569916   0.429985   0.438032   0.300596   0.255101   0.188668   0.131884   269.224813   15
47100.000000   46800.000000   0.648040   0.683669   0.422488   0.430318   0.329832   0.367098   0.225551   0.253351   276.028984   3
49500.000000   49000.000000   0.677715   0.649604   0.422386   0.426408   0.360732   0.331427   0.255329   0.223196   270.149958   20
44000.000000   43200.000000   0.612813   0.648825   0.418382   0.435569   0.294948   0.330632   0.194431   0.213256   258.017441   13
45800.000000   45900.000000   0.659933   0.651428   0.434449   0.447774   0.342050   0.333290   0.225484   0.203654   256.124969   9
46100.000000   45700.000000   0.671496   0.730399   0.431750   0.410856   0.354141   0.418997   0.239746   0.319544   267.067407   9
43800.000000   43900.000000   0.623424   0.609869   0.414967   0.431133   0.305251   0.292121   0.208456   0.178736   269.029738   13
52400.000000   53000.000000   0.722386   0.746240   0.394901   0.427221   0.409854   0.437368   0.327485   0.319019   264.425793   16
52800.000000   52200.000000   0.670991   0.668175   0.416435   0.403580   0.353609   0.350647   0.254557   0.264595   275.089076   16
54700.000000   54900.000000   0.693059   0.623943   0.400069   0.435639   0.377251   0.305759   0.292990   0.188304   273.148311   5
43000.000000   42900.000000   0.637217   0.629580   0.458936   0.447123   0.318907   0.311309   0.178281   0.182458   284.086255   13
47800.000000   47300.000000   0.604474   0.608568   0.415076   0.441155   0.286976   0.290876   0.189398   0.167413   282.255204   3
49200.000000   47800.000000   0.617953   0.613488   0.415201   0.446443   0.299917   0.295598   0.202752   0.167045   284.007042   12
45200.000000   45900.000000   0.620436   0.574833   0.431015   0.417649   0.302332   0.259521   0.189421   0.157184   271.265553   15
50800.000000   52600.000000   0.576145   0.585419   0.422953   0.439011   0.260708   0.269168   0.153192   0.146408   267.091745   16
42000.000000   43300.000000   0.685606   0.638447   0.424486   0.445139   0.369181   0.320140   0.261120   0.193308   270.046292   13
44900.000000   45600.000000   0.530161   0.586018   0.420494   0.431011   0.220753   0.269719   0.109667   0.155008   251.240920   18
38800.000000   38200.000000   0.748855   0.694281   0.432742   0.449565   0.440439   0.378582   0.316114   0.244716   281.113856   11
47200.000000   46000.000000   0.690293   0.690088   0.382801   0.414695   0.374246   0.374024   0.307492   0.275393   281.007117   3
47600.000000   48900.000000   0.653324   0.616008   0.375303   0.391204   0.335233   0.298031   0.278021   0.224803   267.091745   12
45500.000000   45200.000000   0.655205   0.700851   0.405959   0.440332   0.337166   0.385781   0.249245   0.260519   274.147770   18
46200.000000   46600.000000   0.589123   0.568630   0.387322   0.388885   0.272585   0.253950   0.201800   0.179745   251.161303   3
51300.000000   50800.000000   0.639868   0.661412   0.390368   0.398241   0.321566   0.343585   0.249500   0.263171   270.001852   20
44100.000000   42900.000000   0.663066   0.722144   0.441527   0.463052   0.345305   0.409578   0.221538   0.259092   270.118493   13
47000.000000   49300.000000   0.614295   0.663862   0.411816   0.432523   0.296377   0.346135   0.202479   0.231339   283.213700   12
43300.000000   43700.000000   0.665412   0.735826   0.443123   0.480307   0.347753   0.425246   0.222290   0.255519   270.090725   13
49700.000000   47300.000000   0.614308   0.612411   0.458801   0.466730   0.296389   0.294561   0.155507   0.145680   265.030187   12
45400.000000   45300.000000   0.645059   0.668398   0.437197   0.434992   0.326805   0.350881   0.207862   0.233406   270.090725   18
50100.000000   50400.000000   0.680060   0.629547   0.437087   0.446748   0.363232   0.311276   0.242973   0.182798   283.063597   20
50400.000000   52200.000000   0.644769   0.623654   0.436210   0.480487   0.326511   0.305477   0.208559   0.143167   257.124483   16
49200.000000   50600.000000   0.686823   0.716217   0.365908   0.388780   0.370492   0.402883   0.320915   0.327437   264.189326   20
49300.000000   48100.000000   0.597444   0.625996   0.397079   0.427420   0.280340   0.307775   0.200366   0.198576   254.159399   12
50300.000000   49900.000000   0.675429   0.643719   0.437023   0.452711   0.358302   0.325449   0.238407   0.191008   275.065447   20
41100.000000   40100.000000   0.664294   0.702715   0.426177   0.434486   0.346585   0.387836   0.238117   0.268228   264.121184   6
49200.000000   49200.000000   0.589271   0.593888   0.421304   0.487305   0.272722   0.277012   0.167966   0.106583   272.117622   20
41700.000000   41400.000000   0.803583   0.767747   0.473929   0.468873   0.507167   0.462941   0.329654   0.298874   276.305990   6
51900.000000   51600.000000   0.556398   0.567725   0.362555   0.386724   0.243143   0.253143   0.193843   0.181001   275.181758   16
56400.000000   59300.000000   0.602395   0.611512   0.402459   0.426091   0.285005   0.293697   0.199936   0.185421   277.001805   2
55500.000000   58500.000000   0.674540   0.644645   0.383068   0.398145   0.357360   0.326386   0.291472   0.246500   268.046638   2
40600.000000   40400.000000   0.688898   0.710940   0.458164   0.472181   0.372735   0.396968   0.230734   0.238759   252.335095   6
42600.000000   41300.000000   0.652919   0.603675   0.481309   0.522615   0.334818   0.286218   0.171610   0.081060   274.308221   6
39000.000000   37500.000000   0.582565   0.617148   0.383499   0.416607   0.266550   0.299136   0.199066   0.200541   258.379566   11
38500.000000   39500.000000   0.641018   0.647499   0.434576   0.459894   0.322723   0.329282   0.206442   0.187605   265.271559   11
43300.000000   43700.000000   0.643755   0.603822   0.417526   0.406496   0.325485   0.286357   0.226229   0.197327   268.268522   13
36100.000000   35400.000000   0.733606   0.668721   0.457295   0.461004   0.422684   0.351221   0.276311   0.207717   270.312782   8
51000.000000   50000.000000   0.619462   0.634107   0.370192   0.400518   0.301384   0.315802   0.249270   0.233589   273.001831   20
42100.000000   42200.000000   0.666780   0.636590   0.458714   0.457987   0.349185   0.318280   0.208066   0.178603   260.232588   6
34300.000000   35000.000000   0.765636   0.788961   0.457417   0.422625   0.460400   0.488879   0.308220   0.366336   273.221522   8
43100.000000   43100.000000   0.665325   0.708389   0.395393   0.429781   0.347663   0.394125   0.269932   0.278609   260.232588   13
43700.000000   41600.000000   0.683104   0.762044   0.406494   0.449489   0.366491   0.456089   0.276609   0.312554   277.064974   13
42700.000000   42600.000000   0.687321   0.698721   0.410489   0.422939   0.371030   0.383440   0.276832   0.275782   267.067407   13
37600.000000   37900.000000   0.585216   0.651173   0.394908   0.418737   0.268981   0.333030   0.190308   0.232436   258.124001   11
48900.000000   46700.000000   0.632130   0.702877   0.363059   0.396024   0.313836   0.388015   0.269071   0.306853   259.030886   3
48200.000000   46500.000000   0.535913   0.591333   0.378011   0.403934   0.225568   0.274634   0.157902   0.187399   257.629579   3
44800.000000   44900.000000   0.709186   0.699714   0.419307   0.405381   0.395012   0.384531   0.289879   0.294333   271.090391   18
36200.000000   35100.000000   0.713570   0.766331   0.457293   0.437502   0.399911   0.461235   0.256278   0.328828   285.063151   8
35500.000000   36000.000000   0.676950   0.628080   0.460302   0.491266   0.359918   0.309827   0.216648   0.136814   258.000000   8
40700.000000   41100.000000   0.720770   0.588180   0.452170   0.451025   0.408022   0.271713   0.268600   0.137156   269.029738   6
45000.000000   44300.000000   0.703383   0.691933   0.436535   0.455757   0.388573   0.376027   0.266847   0.236177   260.276776   18
42600.000000   40300.000000   0.686981   0.691855   0.486821   0.527667   0.370663   0.375941   0.200160   0.164188   260.192237   6
38800.000000   38000.000000   0.477410   0.533082   0.468847   0.436502   0.179009   0.223191   0.008564   0.096580   274.220714   11
42600.000000   43000.000000   0.661601   0.710314   0.420543   0.441915   0.343781   0.396270   0.241058   0.268400   273.001831   13
49000.000000   49800.000000   0.617368   0.624665   0.416842   0.433649   0.299350   0.306468   0.200526   0.191017   259.017374   20
35700.000000   36000.000000   0.639600   0.583453   0.409020   0.393156   0.321297   0.267364   0.230579   0.190297   268.315113   8
51600.000000   51600.000000   0.630167   0.627883   0.414753   0.424041   0.311890   0.309633   0.215414   0.203842   269.150516   16
42000.000000   41300.000000   0.696720   0.649310   0.427820   0.439806   0.381247   0.331126   0.268900   0.209504   263.007604   6
43200.000000   41600.000000   0.606625   0.629114   0.395631   0.437565   0.289022   0.310848   0.210995   0.191549   257.280003   6
37000.000000   36300.000000   0.664862   0.659041   0.431089   0.432292   0.347179   0.341126   0.233773   0.226749   268.186502   8
42200.000000   41700.000000   0.628794   0.646105   0.385678   0.402552   0.310532   0.327865   0.243115   0.243553   277.405840   6
44900.000000   43900.000000   0.580636   0.624212   0.432620   0.486234   0.264788   0.306023   0.148016   0.137978   276.065210   13
46900.000000   47700.000000   0.653533   0.685734   0.399710   0.447882   0.335448   0.369318   0.253823   0.237851   262.274665   3
44700.000000   43600.000000   0.711783   0.699242   0.418964   0.414580   0.397910   0.384012   0.292819   0.284662   280.144606   13
46900.000000   49000.000000   0.677239   0.741776   0.442318   0.446776   0.360225   0.432151   0.234921   0.295000   276.065210   12
42300.000000   41700.000000   0.721601   0.723120   0.424025   0.430462   0.408963   0.410686   0.297575   0.292658   277.180447   6
45400.000000   44000.000000   0.693970   0.727888   0.474349   0.472997   0.378244   0.416121   0.219622   0.254891   262.373779   18
40100.000000   39100.000000   0.531728   0.573359   0.377008   0.383783   0.222059   0.258192   0.154720   0.189576   289.084763   7
40600.000000   40800.000000   0.512603   0.507846   0.389168   0.412361   0.206372   0.202560   0.123435   0.095485   278.064741   6
36200.000000   35800.000000   0.674558   0.777427   0.431945   0.439616   0.357378   0.474688   0.242612   0.337810   270.066658   8
38900.000000   38600.000000   0.723065   0.752382   0.402737   0.435720   0.410624   0.444597   0.320327   0.316662   261.122577   11
42900.000000   43900.000000   0.549642   0.564277   0.375109   0.418392   0.237274   0.250077   0.174533   0.145885   273.221522   13
47900.000000   48100.000000   0.710132   0.698949   0.391889   0.418826   0.396066   0.383691   0.318242   0.280123   281.113856   12
42700.000000   42800.000000   0.663806   0.628268   0.388869   0.421788   0.346077   0.310013   0.274937   0.206480   260.324797   13
40400.000000   39900.000000   0.489001   0.532663   0.428292   0.457868   0.187806   0.222841   0.060709   0.074795   266.067661   6
42000.000000   41600.000000   0.699852   0.627571   0.365598   0.366150   0.384682   0.309326   0.334254   0.261421   265.030187   6
42300.000000   43500.000000   0.611731   0.626336   0.397845   0.387074   0.293907   0.308110   0.213886   0.239263   265.047166   13
42600.000000   41400.000000   0.631381   0.595031   0.425065   0.437128   0.313093   0.278080   0.206316   0.157904   269.313943   6
39500.000000   39100.000000   0.712606   0.649346   0.383907   0.410397   0.398831   0.331163   0.328699   0.238948   279.114672   7
40400.000000   40500.000000   0.664407   0.637244   0.441445   0.483802   0.346704   0.318935   0.222963   0.153442   266.046988   6
41400.000000   40500.000000   0.687861   0.716511   0.405197   0.412688   0.371613   0.403214   0.282664   0.303823   258.048445   6
39200.000000   39000.000000   0.654772   0.681860   0.435710   0.444990   0.336721   0.365158   0.219062   0.236871   274.065686   11
47200.000000   46900.000000   0.734879   0.686491   0.422520   0.439551   0.424152   0.370134   0.312358   0.246940   254.049208   3
53600.000000   55500.000000   0.642630   0.595670   0.386210   0.401759   0.324348   0.278677   0.256420   0.193911   284.001761   5
40400.000000   41800.000000   0.654873   0.634751   0.354711   0.379377   0.336825   0.316443   0.300162   0.255374   263.153947   6
60500.000000   62600.000000   0.694075   0.669783   0.430837   0.465235   0.378358   0.352336   0.263238   0.204548   250.008000   4
53800.000000   55200.000000   0.741885   0.794272   0.441820   0.455272   0.432278   0.495483   0.300065   0.339001   281.087175   5
56200.000000   55400.000000   0.728742   0.793741   0.447760   0.463269   0.417097   0.494820   0.280982   0.330472   264.007576   5
48100.000000   46000.000000   0.674041   0.676303   0.400862   0.423022   0.356831   0.359230   0.273179   0.253281   271.149405   3
49700.000000   50500.000000   0.702956   0.697011   0.435645   0.456940   0.388102   0.381566   0.267311   0.240071   262.322321   20
50600.000000   52300.000000   0.656899   0.591770   0.450714   0.501413   0.338912   0.275040   0.206185   0.090357   280.301623   16
42400.000000   41300.000000   0.571038   0.656086   0.420963   0.421244   0.256106   0.338074   0.150075   0.234843   258.069758   6
49700.000000   49700.000000   0.757000   0.712638   0.423386   0.424778   0.450071   0.398867   0.333614   0.287860   274.262648   20
51500.000000   49700.000000   0.625076   0.647391   0.374423   0.432066   0.306871   0.329172   0.250654   0.215325   278.044960   20
48700.000000   51300.000000   0.681444   0.626750   0.447321   0.481435   0.364712   0.308516   0.234124   0.145314   264.121184   20
45000.000000   44900.000000   0.660358   0.704637   0.425462   0.421127   0.342491   0.389960   0.234897   0.283510   267.316292   18
47800.000000   49200.000000   0.663048   0.647574   0.394715   0.418890   0.345287   0.329358   0.268333   0.228684   259.017374   12
55900.000000   57000.000000   0.606759   0.668078   0.374262   0.390831   0.289150   0.350545   0.232497   0.277247   262.190770   2
57600.000000   58800.000000   0.665682   0.599897   0.386137   0.419954   0.348036   0.282646   0.279545   0.179943   238.472221   2
59900.000000   61400.000000   0.743743   0.719690   0.398727   0.414924   0.434446   0.406800   0.345016   0.304766   271.361383   4
49300.000000   50300.000000   0.638868   0.610421   0.453416   0.465004   0.320562   0.292650   0.185452   0.145417   264.229067   20
49300.000000   48200.000000   0.652487   0.681356   0.430876   0.424065   0.334375   0.364618   0.221611   0.257291   270.312782   12
51600.000000   52400.000000   0.645991   0.618348   0.416437   0.419551   0.327750   0.300301   0.229554   0.198797   263.153947   16
52300.000000   52700.000000   0.668016   0.736296   0.398779   0.428029   0.350480   0.425790   0.269237   0.308267   265.228204   16
54300.000000   53100.000000   0.610320   0.654598   0.438861   0.433098   0.292553   0.336542   0.171459   0.221500   285.175385   5
52600.000000   54600.000000   0.666706   0.631713   0.403027   0.441485   0.349107   0.313422   0.263678   0.190228   274.116763   5
55800.000000   55800.000000   0.661971   0.754452   0.435690   0.436095   0.344166   0.447047   0.226281   0.318357   263.685419   5
45800.000000   45800.000000   0.626819   0.648345   0.391876   0.396787   0.308585   0.330143   0.234944   0.251558   265.228204   9
53700.000000   55400.000000   0.724771   0.730121   0.426601   0.449525   0.412564   0.418677   0.298170   0.280596   253.284425   5
41900.000000   41500.000000   0.699259   0.723841   0.424763   0.433018   0.384031   0.411506   0.274496   0.290823   285.343652   6
48800.000000   48500.000000   0.584164   0.596726   0.463528   0.474137   0.268015   0.279666   0.120635   0.122589   272.117622   12
47600.000000   48100.000000   0.750646   0.728200   0.405070   0.431270   0.442548   0.416477   0.345576   0.296930   247.099170   12
51700.000000   52600.000000   0.599288   0.619575   0.393581   0.411526   0.282073   0.301493   0.205707   0.208048   260.001923   16
52500.000000   53000.000000   0.689402   0.723104   0.401650   0.450980   0.373280   0.410669   0.287752   0.272124   257.157539   16
48000.000000   48200.000000   0.747650   0.719332   0.443858   0.447835   0.439022   0.406395   0.303791   0.271497   276.045286   12
50900.000000   48900.000000   0.601335   0.567598   0.396918   0.421301   0.284003   0.253030   0.204417   0.146297   268.001866   20
49500.000000   51400.000000   0.696200   0.652357   0.410329   0.456341   0.380678   0.334241   0.285871   0.196016   260.192237   20
55000.000000   53700.000000   0.681030   0.631617   0.375949   0.417436   0.364269   0.313326   0.305081   0.214180   259.624729   5
51000.000000   52300.000000   0.665989   0.675533   0.424334   0.433164   0.348357   0.358413   0.241655   0.242370   245.099980   16
50000.000000   49400.000000   0.778302   0.778322   0.402507   0.411917   0.475759   0.475782   0.375796   0.366404   264.092787   20
57400.000000   56400.000000   0.725805   0.734211   0.426748   0.440921   0.413742   0.423381   0.299057   0.293290   263.685419   2
48200.000000   50100.000000   0.667845   0.680610   0.467384   0.460670   0.350301   0.363820   0.200461   0.219940   278.001799   20
52000.000000   50200.000000   0.588815   0.648422   0.413538   0.433510   0.272300   0.330222   0.175277   0.214912   251.000000   20
48000.000000   48200.000000   0.708056   0.699607   0.430128   0.415310   0.393754   0.384414   0.277928   0.284297   267.091745   12
45700.000000   43900.000000   0.633898   0.617817   0.435924   0.454710   0.315594   0.299785   0.197975   0.163108   253.239018   18
60200.000000   62700.000000   0.603177   0.616434   0.393819   0.397958   0.285746   0.298444   0.209359   0.218476   279.402935   4
54500.000000   55400.000000   0.473760   0.465985   0.415894   0.452489   0.176281   0.170543   0.057865   0.013496   253.049402   5
45900.000000   46800.000000   0.553820   0.597907   0.407975   0.443545   0.240895   0.280774   0.145846   0.154362   266.187904   3
53000.000000   52100.000000   0.611777   0.664791   0.413500   0.438673   0.293952   0.347104   0.198277   0.226118   256.382527   16
53500.000000   53200.000000   0.556593   0.590827   0.422202   0.427840   0.243313   0.274165   0.134391   0.162988   276.260746   16
36600.000000   36900.000000   0.606850   0.573372   0.415835   0.445970   0.289237   0.258204   0.191015   0.127402   252.126952   8
56400.000000   57400.000000   0.644237   0.606507   0.372680   0.404330   0.325973   0.288909   0.271557   0.202177   278.044960   2
51100.000000   51700.000000   0.539603   0.604364   0.413234   0.414058   0.228685   0.286871   0.126369   0.190306   279.302703   16
50700.000000   54000.000000   0.664073   0.593120   0.422575   0.444064   0.346355   0.276296   0.241498   0.149056   276.028984   16
54300.000000   53100.000000   0.563903   0.617714   0.420581   0.414176   0.249746   0.299685   0.143322   0.203538   280.515597   5
41900.000000   42400.000000   0.632110   0.649085   0.415660   0.440074   0.313816   0.330897   0.216450   0.209011   272.148856   6
52800.000000   54600.000000   0.634395   0.637809   0.435589   0.456033   0.316089   0.319500   0.198806   0.181777   280.178515   5
58300.000000   57300.000000   0.560407   0.581299   0.390029   0.418469   0.246659   0.265393   0.170378   0.162830   268.046638   2
51900.000000   53200.000000   0.704805   0.722657   0.407450   0.423346   0.390147   0.410161   0.297355   0.299311   262.274665   16
56200.000000   56600.000000   0.562128   0.572125   0.391896   0.422985   0.248176   0.257082   0.170231   0.149141   280.215988   2
47500.000000   49400.000000   0.654348   0.664848   0.465018   0.464189   0.336285   0.347164   0.189329   0.200659   272.148856   12
49100.000000   49600.000000   0.631655   0.635232   0.418068   0.460678   0.313365   0.316924   0.213588   0.174554   280.087486   20
53200.000000   52700.000000   0.605963   0.660089   0.406565   0.413996   0.288391   0.342212   0.199398   0.246093   270.066658   16
56600.000000   55800.000000   0.681859   0.733778   0.440879   0.448865   0.365156   0.422882   0.240980   0.284913   267.119823   2
41800.000000   41400.000000   0.593501   0.592686   0.446374   0.470243   0.276651   0.275892   0.147127   0.122443   266.016917   6
47100.000000   47500.000000   0.727723   0.703483   0.436929   0.463621   0.415931   0.388685   0.290793   0.239862   297.242325   3
49400.000000   49200.000000   0.676085   0.651020   0.411014   0.419986   0.358999   0.332873   0.265072   0.231034   276.219116   20
49500.000000   52100.000000   0.729247   0.679064   0.437502   0.439404   0.417676   0.362169   0.291745   0.239659   248.128999   20
55600.000000   55200.000000   0.565893   0.624124   0.430712   0.439180   0.251512   0.305937   0.135181   0.184944   265.092437   5
52300.000000   50700.000000   0.622916   0.557996   0.364215   0.386276   0.304754   0.244541   0.258702   0.171720   271.149405   16
47100.000000   47100.000000   0.654008   0.666584   0.485686   0.526379   0.335936   0.348980   0.168322   0.140205   280.044639   3
48200.000000   49000.000000   0.737208   0.682609   0.423262   0.445393   0.426845   0.365960   0.313946   0.237216   268.268522   12
49900.000000   50700.000000   0.697411   0.695157   0.461685   0.455162   0.382003   0.379538   0.235726   0.239995   257.157539   20
57300.000000   59600.000000   0.660746   0.654443   0.432762   0.449254   0.342894   0.336382   0.227984   0.205189   277.016245   2
55400.000000   57000.000000   0.697852   0.718715   0.455617   0.472551   0.382487   0.405699   0.242235   0.246164   260.155723   2
44000.000000   44400.000000   0.725131   0.787168   0.452558   0.463271   0.412975   0.486659   0.272573   0.323898   272.066168   13
48000.000000   47100.000000   0.496665   0.480261   0.425710   0.450700   0.193739   0.181153   0.070955   0.029561   272.117622   3
41900.000000   43900.000000   0.578265   0.558689   0.433556   0.432814   0.262629   0.245149   0.144709   0.125875   270.185122   13
41900.000000   41200.000000   0.568349   0.614558   0.447542   0.468764   0.253700   0.296630   0.120808   0.145794   272.183761   6
48800.000000   49800.000000   0.608689   0.603635   0.443595   0.461691   0.290992   0.286180   0.165093   0.141944   246.099573   20
56300.000000   57200.000000   0.621181   0.682995   0.439695   0.462386   0.303059   0.366374   0.181486   0.220609   273.029302   2
44700.000000   43900.000000   0.700805   0.668554   0.459413   0.460486   0.385730   0.351045   0.241392   0.208067   270.046292   13
57600.000000   58400.000000   0.644994   0.641019   0.385587   0.406347   0.326739   0.322724   0.259407   0.234672   276.523055   2
54400.000000   55300.000000   0.596640   0.575829   0.412916   0.428577   0.279585   0.260421   0.183723   0.147252   272.310485   5
47100.000000   47200.000000   0.679914   0.752742   0.426153   0.427844   0.363076   0.445023   0.253761   0.324898   265.369554   3
39400.000000   39400.000000   0.623725   0.668438   0.409096   0.422700   0.305546   0.350923   0.214629   0.245738   283.176623   7
49000.000000   50600.000000   0.610918   0.676693   0.406575   0.419808   0.293127   0.359644   0.204342   0.256885   267.187200   20
50200.000000   51300.000000   0.615221   0.616557   0.410834   0.435130   0.297271   0.298563   0.204387   0.181427   278.145645   20
47400.000000   47500.000000   0.716311   0.695764   0.397346   0.403633   0.402988   0.380201   0.318965   0.292131   249.032126   3
54200.000000   55100.000000   0.609861   0.597384   0.359239   0.364202   0.292113   0.280283   0.250622   0.233181   261.068956   5
53800.000000   55100.000000   0.590361   0.525450   0.401514   0.407862   0.273731   0.216847   0.188847   0.117589   262.122109   5
42700.000000   42600.000000   0.676095   0.638293   0.467556   0.501242   0.359009   0.319985   0.208539   0.137051   262.154535   13
50400.000000   52500.000000   0.647241   0.634385   0.398235   0.427909   0.329020   0.316079   0.249006   0.206476   273.183089   16
44000.000000   45700.000000   0.610559   0.636214   0.435050   0.457777   0.292782   0.317904   0.175509   0.178436   289.027680   15
40900.000000   40300.000000   0.685576   0.678249   0.456345   0.472617   0.369148   0.361300   0.229231   0.205632   256.095685   6
44000.000000   44400.000000   0.584824   0.673042   0.422636   0.451858   0.268621   0.355774   0.162188   0.221184   296.001689   13
45600.000000   44200.000000   0.626759   0.629454   0.438853   0.472370   0.308526   0.311184   0.187907   0.157084   273.117191   18
41900.000000   41800.000000   0.666154   0.710889   0.399505   0.439927   0.348529   0.396912   0.266649   0.270962   288.062493   6
39600.000000   38600.000000   0.716148   0.753271   0.462165   0.503994   0.402806   0.445648   0.253983   0.249277   274.410277   11
42900.000000   43200.000000   0.549663   0.567336   0.407916   0.412934   0.237292   0.252797   0.141747   0.154403   269.001859   13
38000.000000   36000.000000   0.719640   0.725323   0.447164   0.485973   0.406743   0.413193   0.272475   0.239350   282.086866   8
46500.000000   45700.000000   0.687089   0.677630   0.449951   0.456253   0.370779   0.360641   0.237138   0.221377   261.489962   3
46600.000000   45700.000000   0.656873   0.712858   0.401596   0.417178   0.338886   0.399113   0.255278   0.295680   260.324797   3
35500.000000   35300.000000   0.672802   0.642246   0.435671   0.466793   0.355520   0.323961   0.237131   0.175453   282.007092   8
46200.000000   47200.000000   0.615091   0.647963   0.397731   0.429021   0.297145   0.329754   0.217360   0.218942   270.149958   3
40900.000000   42400.000000   0.702126   0.741353   0.464601   0.499456   0.387186   0.431658   0.237525   0.241897   276.219116   6
45300.000000   45700.000000   0.619560   0.663059   0.457645   0.487564   0.301479   0.345298   0.161915   0.175496   252.126952   15
44300.000000   42800.000000   0.685844   0.680432   0.446753   0.444331   0.369437   0.363630   0.239091   0.236101   264.425793   13
49500.000000   48700.000000   0.596352   0.620803   0.387959   0.428670   0.279315   0.302690   0.208393   0.192133   252.239965   20
51100.000000   49900.000000   0.612468   0.631227   0.389977   0.436418   0.294616   0.312940   0.222491   0.194808   275.465061   20
40200.000000   40700.000000   0.565788   0.597104   0.371431   0.402400   0.251418   0.280021   0.194357   0.194705   263.190045   6
39900.000000   38100.000000   0.589455   0.598221   0.449655   0.493338   0.272892   0.281069   0.139799   0.104883   272.029410   11
51400.000000   51700.000000   0.672394   0.680258   0.404745   0.419510   0.355090   0.363444   0.267649   0.260748   262.230814   16
48200.000000   48800.000000   0.668839   0.640289   0.395792   0.401922   0.351345   0.321989   0.273047   0.238367   265.369554   12
55200.000000   55900.000000   0.645817   0.639747   0.396069   0.447747   0.327574   0.321445   0.249748   0.192000   281.348538   5
49400.000000   48300.000000   0.768160   0.769127   0.381648   0.390462   0.463439   0.464607   0.386512   0.378665   273.528792   12
47400.000000   48100.000000   0.701151   0.697055   0.423659   0.454512   0.386112   0.381614   0.277492   0.242542   256.001953   12
47000.000000   47500.000000   0.626378   0.656245   0.426955   0.449669   0.308150   0.338238   0.199422   0.206576   283.176623   3
49900.000000   49600.000000   0.542701   0.512229   0.385774   0.402246   0.231319   0.206072   0.156926   0.109983   250.127967   20
40200.000000   39000.000000   0.731812   0.700253   0.432155   0.448915   0.420619   0.385124   0.299657   0.251339   264.153365   7
46400.000000   44200.000000   0.642780   0.679084   0.428747   0.461371   0.324500   0.362191   0.214032   0.217714   273.148311   18
48600.000000   48700.000000   0.564837   0.581724   0.422843   0.439912   0.250574   0.265781   0.141994   0.141811   270.046292   12
43000.000000   42000.000000   0.547709   0.609215   0.430291   0.468529   0.235608   0.291495   0.117418   0.140686   261.231698   13
44900.000000   45100.000000   0.604232   0.567671   0.439704   0.433965   0.286746   0.253094   0.164528   0.133705   261.155126   18
45500.000000   45300.000000   0.618431   0.637084   0.409856   0.429640   0.300381   0.318775   0.208576   0.207444   256.031248   18
42200.000000   40300.000000   0.656669   0.737701   0.418550   0.444875   0.338675   0.427416   0.238119   0.292826   268.151077   6
42600.000000   43400.000000   0.700188   0.666095   0.419233   0.437040   0.385052   0.348467   0.280955   0.229055   273.007326   13
43000.000000   44200.000000   0.736539   0.673273   0.410509   0.427216   0.426071   0.356018   0.326031   0.246056   253.239018   13
41900.000000   45400.000000   0.737175   0.690385   0.429864   0.451025   0.426806   0.374346   0.307311   0.239360   268.000000   13
34800.000000   34500.000000   0.549073   0.496650   0.430850   0.416339   0.236783   0.193727   0.118223   0.080311   268.000000   8
43500.000000   44000.000000   0.815163   0.826568   0.410718   0.433369   0.521890   0.536595   0.404445   0.393199   287.085353   13
53700.000000   53200.000000   0.579569   0.596789   0.415084   0.440109   0.263815   0.279725   0.164485   0.156680   267.269527   16
49400.000000   48200.000000   0.663448   0.652451   0.432225   0.460517   0.345703   0.334338   0.231223   0.191933   274.526866   12
40000.000000   41000.000000   0.680634   0.675550   0.445098   0.449805   0.363846   0.358431   0.235536   0.225746   265.047166   6
49300.000000   49700.000000   0.643582   0.623979   0.408996   0.430897   0.325310   0.305795   0.234586   0.193082   261.017241   20
45500.000000   43400.000000   0.529510   0.651768   0.397832   0.429692   0.220211   0.333638   0.131678   0.222076   286.251638   18
48800.000000   48100.000000   0.617339   0.643815   0.397709   0.411523   0.299321   0.325546   0.219630   0.232292   271.001845   12
54900.000000   56200.000000   0.653589   0.634124   0.424659   0.454042   0.335505   0.315819   0.228930   0.180081   264.272587   5
44700.000000   43100.000000   0.551214   0.593585   0.435483   0.476805   0.238632   0.276729   0.115730   0.116779   269.185809   13
48400.000000   48300.000000   0.688277   0.704775   0.402969   0.422199   0.372063   0.390113   0.285309   0.282576   269.364066   12
40000.000000   38300.000000   0.493659   0.546023   0.421094   0.446055   0.191401   0.234159   0.072565   0.099968   270.223981   11
47100.000000   44900.000000   0.523984   0.584219   0.435303   0.476258   0.215638   0.268066   0.088681   0.107962   272.029410   3
48300.000000   47000.000000   0.654371   0.613592   0.417799   0.461060   0.336309   0.295698   0.236572   0.152531   266.270539   3
47700.000000   48500.000000   0.580085   0.584991   0.450692   0.438292   0.264285   0.268775   0.129393   0.146699   254.159399   12
45100.000000   44400.000000   0.545840   0.596667   0.440542   0.454251   0.234003   0.279611   0.105298   0.142416   268.151077   18
42400.000000   43100.000000   0.577318   0.569033   0.404893   0.413016   0.261770   0.254310   0.172425   0.156017   280.044639   13
47600.000000   47800.000000   0.638220   0.618993   0.448865   0.437304   0.319912   0.300927   0.189355   0.181689   272.310485   12
45500.000000   45500.000000   0.665109   0.668653   0.442050   0.446659   0.347436   0.351149   0.223059   0.221994   267.029961   18
47000.000000   46600.000000   0.533929   0.551887   0.412720   0.416223   0.223901   0.239216   0.121209   0.135664   262.488095   3
44800.000000   43200.000000   0.534997   0.459097   0.399431   0.421586   0.224798   0.165538   0.135567   0.037511   265.188612   13
47900.000000   49400.000000   0.734448   0.761161   0.430381   0.440443   0.423655   0.455033   0.304067   0.320718   244.165927   12
40500.000000   40600.000000   0.636506   0.652374   0.463419   0.445958   0.318196   0.334259   0.173087   0.206416   279.402935   6
54100.000000   54600.000000   0.655621   0.613895   0.429589   0.440227   0.337594   0.295991   0.226031   0.173668   260.432333   5
50200.000000   50100.000000   0.556742   0.544283   0.410012   0.453348   0.243443   0.232669   0.146730   0.090934   269.417891   20
43500.000000   44700.000000   0.756766   0.688339   0.401293   0.423867   0.449794   0.372130   0.355474   0.264473   257.031127   13
45900.000000   44500.000000   0.645304   0.640251   0.410614   0.419349   0.327053   0.321952   0.234690   0.220902   252.097203   18
46700.000000   48100.000000   0.639796   0.637990   0.412828   0.431936   0.321494   0.319682   0.226968   0.206055   264.047344   3
41400.000000   42200.000000   0.688116   0.680217   0.456381   0.479573   0.371889   0.363400   0.231735   0.200644   274.029196   6
40800.000000   40400.000000   0.701645   0.674360   0.436003   0.469057   0.386656   0.357169   0.265642   0.205303   254.159399   6
51500.000000   52800.000000   0.547789   0.583230   0.387210   0.414034   0.235676   0.267159   0.160579   0.169196   277.045123   16
50400.000000   49400.000000   0.699736   0.666141   0.381886   0.408522   0.384555   0.348516   0.317850   0.257619   259.192978   20
40000.000000   39500.000000   0.519093   0.570344   0.390318   0.414162   0.211631   0.255484   0.128775   0.156182   271.046122   7
42300.000000   43100.000000   0.555734   0.574966   0.415537   0.413546   0.242563   0.259642   0.140198   0.161420   264.229067   13
45400.000000   44800.000000   0.575779   0.635560   0.387522   0.385049   0.260377   0.317251   0.188257   0.250511   276.354844   18
48000.000000   47000.000000   0.558754   0.581992   0.391567   0.443039   0.245206   0.266026   0.167187   0.138953   250.511477   3
39600.000000   39200.000000   0.659008   0.635052   0.437325   0.431922   0.341092   0.316744   0.221683   0.203130   264.068173   7
38400.000000   38600.000000   0.523057   0.575134   0.418942   0.435796   0.214876   0.259793   0.104115   0.139338   280.144606   11
45600.000000   45600.000000   0.632663   0.637789   0.419098   0.439716   0.314365   0.319481   0.213565   0.198073   265.047166   18
48700.000000   50000.000000   0.604057   0.599318   0.459299   0.472253   0.286580   0.282101   0.144758   0.127065   256.195238   20
42000.000000   39800.000000   0.645828   0.682965   0.464257   0.448099   0.327585   0.366342   0.181571   0.234866   272.310485   6
51400.000000   51600.000000   0.642060   0.608463   0.415826   0.447328   0.323773   0.290776   0.226234   0.161134   258.094944   16
28000.000000   28600.000000   0.499704   0.610136   0.469518   0.414874   0.196117   0.292377   0.030186   0.195262   264.229067   17
44400.000000   44500.000000   0.627653   0.613392   0.426591   0.452972   0.309407   0.295505   0.201062   0.160419   264.030301   13
48100.000000   48000.000000   0.710213   0.673201   0.434288   0.427541   0.396157   0.355942   0.275926   0.245660   263.273622   12
41900.000000   42400.000000   0.550920   0.660993   0.436552   0.470647   0.238379   0.343150   0.114368   0.190347   267.067407   6
45700.000000   46700.000000   0.710600   0.662829   0.403279   0.415481   0.396589   0.345059   0.307322   0.247349   255.237145   3
48900.000000   49300.000000   0.651736   0.682831   0.419326   0.454230   0.333606   0.366198   0.232411   0.228601   268.029849   20
42600.000000   41100.000000   0.668512   0.657609   0.434523   0.483672   0.351000   0.339645   0.233989   0.173936   266.092089   6
44100.000000   43700.000000   0.711768   0.762214   0.489473   0.491299   0.397894   0.456292   0.222295   0.270915   284.044011   13
39000.000000   39100.000000   0.725262   0.746884   0.442369   0.468230   0.413123   0.438123   0.282893   0.278654   272.066168   11
40800.000000   41800.000000   0.677359   0.642208   0.425045   0.439293   0.360352   0.323922   0.252313   0.202915   277.259806   6
49700.000000   50600.000000   0.659431   0.625381   0.391921   0.402855   0.341529   0.307170   0.267510   0.222526   255.282197   20
48400.000000   48200.000000   0.675253   0.720882   0.449955   0.469893   0.358115   0.408149   0.225298   0.250990   270.066658   12
45100.000000   45700.000000   0.684872   0.706429   0.430272   0.456137   0.368391   0.391947   0.254600   0.250293   256.236219   15
39100.000000   40400.000000   0.572212   0.605603   0.414227   0.415765   0.257160   0.288048   0.157985   0.189838   263.017110   7
DB= 
13.882479
Silho= 
0.475745
