596  11  0
616700.000000   622200.000000   0.480444   0.485381   0.295975   0.311562   0.181291   0.185036   0.184469   0.173819   449.964443   7
658600.000000   628400.000000   0.357527   0.430071   0.316106   0.347688   0.100394   0.145268   0.041421   0.082383   471.338520   3
625000.000000   650000.000000   0.474008   0.449340   0.330059   0.353803   0.176466   0.158577   0.143949   0.095537   445.040448   11
598500.000000   581500.000000   0.437498   0.443182   0.343150   0.364403   0.150329   0.154261   0.094347   0.078779   473.769986   2
578700.000000   559600.000000   0.464881   0.429802   0.284364   0.311795   0.169736   0.145087   0.180517   0.118007   466.760110   10
574700.000000   573100.000000   0.482684   0.462412   0.323199   0.347031   0.182985   0.167938   0.159484   0.115381   450.285465   24
582300.000000   578800.000000   0.393392   0.399062   0.301284   0.302669   0.121546   0.125075   0.092108   0.096393   441.470271   24
645100.000000   655000.000000   0.400985   0.415017   0.302277   0.312263   0.126283   0.135276   0.098708   0.102754   428.273277   21
605500.000000   616800.000000   0.416480   0.409567   0.268744   0.289383   0.136232   0.131747   0.147736   0.120184   401.976367   7
613900.000000   612100.000000   0.384829   0.413090   0.296335   0.316108   0.116312   0.134023   0.088494   0.096982   421.267136   18
631100.000000   634500.000000   0.435365   0.391172   0.328373   0.340854   0.148867   0.120178   0.106993   0.050319   442.796793   1
569700.000000   571500.000000   0.423402   0.427777   0.314678   0.341738   0.140797   0.143722   0.108723   0.086039   483.335287   12
636400.000000   648800.000000   0.462495   0.441797   0.269819   0.286893   0.167998   0.153298   0.192676   0.154904   405.770871   11
618800.000000   626700.000000   0.358206   0.362294   0.312855   0.324352   0.100776   0.103089   0.045351   0.037942   461.322013   1
593100.000000   598400.000000   0.423084   0.392230   0.306145   0.316502   0.140586   0.120829   0.116938   0.075729   446.374282   13
654600.000000   649800.000000   0.383411   0.412026   0.292556   0.317416   0.115456   0.133333   0.090855   0.094610   457.055795   21
606600.000000   600100.000000   0.467405   0.493102   0.324312   0.347867   0.171584   0.190969   0.143093   0.145235   433.333590   18
600000.000000   607000.000000   0.448423   0.416796   0.348551   0.339004   0.157931   0.136438   0.099873   0.077791   441.952486   18
622500.000000   625900.000000   0.437362   0.486009   0.329410   0.330416   0.150235   0.185515   0.107951   0.155593   443.785984   1
489200.000000   501400.000000   0.474265   0.501271   0.342404   0.372790   0.176658   0.197349   0.131862   0.128481   464.608437   23
605700.000000   623000.000000   0.403828   0.403828   0.288709   0.288709   0.128080   0.128080   0.115119   0.115119   438.736823   7
630000.000000   648000.000000   0.351661   0.374779   0.309020   0.321566   0.097127   0.110316   0.042641   0.053213   455.964911   11
585300.000000   588600.000000   0.404299   0.446292   0.276771   0.293895   0.128379   0.156433   0.127528   0.152398   448.216466   13
638200.000000   614400.000000   0.404981   0.441716   0.332522   0.332111   0.128813   0.153241   0.072459   0.109605   479.755146   15
559500.000000   565100.000000   0.364729   0.382424   0.344772   0.338866   0.104479   0.114863   0.019957   0.043557   467.346766   12
644400.000000   642400.000000   0.392080   0.455438   0.325217   0.352152   0.120737   0.162911   0.066863   0.103286   470.851357   22
657100.000000   650800.000000   0.459741   0.413496   0.318601   0.343874   0.166004   0.134287   0.141140   0.069622   471.301390   21
633200.000000   629400.000000   0.466230   0.476388   0.320215   0.310804   0.170723   0.178242   0.146015   0.165584   459.487758   1
598600.000000   600100.000000   0.443391   0.433805   0.332345   0.339461   0.154406   0.147802   0.111046   0.094344   450.249931   18
565400.000000   580700.000000   0.498193   0.475529   0.343625   0.369165   0.194933   0.177600   0.154568   0.106363   438.223687   12
652400.000000   652500.000000   0.421659   0.424389   0.280911   0.311439   0.139641   0.141455   0.140748   0.112951   443.933554   21
595300.000000   595400.000000   0.430158   0.416655   0.299585   0.317607   0.145327   0.136346   0.130573   0.099048   417.202589   13
574800.000000   543300.000000   0.399809   0.456438   0.348879   0.339423   0.125544   0.163626   0.050930   0.117015   483.547309   10
636300.000000   601600.000000   0.451835   0.515167   0.365436   0.361409   0.160343   0.208442   0.086399   0.153758   458.922651   15
600000.000000   615300.000000   0.413935   0.376935   0.318046   0.341383   0.134572   0.111589   0.095889   0.035552   470.684608   16
619800.000000   592800.000000   0.489020   0.472764   0.319334   0.362151   0.187821   0.175541   0.169686   0.110613   460.297730   18
590300.000000   591900.000000   0.469449   0.472917   0.321110   0.345257   0.173088   0.175655   0.148340   0.127661   438.463225   13
564600.000000   584300.000000   0.509186   0.484462   0.312448   0.334370   0.203630   0.184336   0.196738   0.150092   436.774541   4
636900.000000   654000.000000   0.451285   0.450858   0.311391   0.337492   0.159953   0.159650   0.139895   0.113366   431.115994   11
574800.000000   582100.000000   0.416853   0.462125   0.322132   0.334967   0.136476   0.167729   0.094721   0.127158   470.507173   24
639400.000000   655800.000000   0.452338   0.446223   0.300263   0.313438   0.160700   0.156384   0.152074   0.132785   446.123301   11
661700.000000   656300.000000   0.398121   0.438424   0.297005   0.326141   0.124486   0.150965   0.101116   0.112282   471.699057   21
627400.000000   634100.000000   0.396969   0.420904   0.309060   0.320991   0.123766   0.139141   0.087908   0.099912   458.489913   1
601500.000000   581600.000000   0.430942   0.441896   0.303197   0.331419   0.145857   0.153366   0.127746   0.110477   454.569027   2
622000.000000   651800.000000   0.404082   0.404181   0.333939   0.333825   0.128242   0.128304   0.070144   0.070355   454.410607   11
503000.000000   525800.000000   0.501259   0.470321   0.322234   0.325120   0.197340   0.173731   0.179025   0.145201   428.164688   5
589600.000000   563200.000000   0.389087   0.419893   0.317833   0.325507   0.118900   0.138474   0.071254   0.094386   473.000000   24
605200.000000   591300.000000   0.451146   0.483128   0.348479   0.378183   0.159854   0.183322   0.102667   0.104944   461.789996   2
627600.000000   644900.000000   0.505216   0.460541   0.297826   0.311525   0.200467   0.166581   0.207390   0.149015   451.807481   11
662100.000000   663900.000000   0.438158   0.473014   0.286821   0.318936   0.150783   0.175727   0.151337   0.154078   430.154623   20
525900.000000   527600.000000   0.427999   0.462510   0.332543   0.386625   0.143872   0.168009   0.095456   0.075884   461.313343   5
602500.000000   629500.000000   0.453144   0.461394   0.312681   0.330796   0.161273   0.167199   0.140462   0.130598   434.622825   7
651000.000000   642500.000000   0.465322   0.448739   0.334657   0.356282   0.170058   0.158153   0.130665   0.092457   441.807650   21
592800.000000   551500.000000   0.440224   0.395849   0.369357   0.364386   0.152208   0.123069   0.070868   0.031463   472.609776   10
656800.000000   639800.000000   0.452603   0.460344   0.313983   0.351227   0.160889   0.166439   0.138620   0.109116   459.123077   3
635200.000000   655400.000000   0.418058   0.389089   0.312543   0.315363   0.137266   0.118902   0.105515   0.073727   448.812879   11
642400.000000   632500.000000   0.482864   0.488483   0.351843   0.378295   0.183121   0.187408   0.131020   0.110188   439.329034   22
542900.000000   558800.000000   0.385696   0.351839   0.292273   0.316252   0.116837   0.097225   0.093423   0.035586   469.306936   19
628000.000000   626000.000000   0.450984   0.464555   0.323662   0.324132   0.159739   0.169498   0.127322   0.140423   504.350077   1
658400.000000   643500.000000   0.448010   0.406419   0.333375   0.359080   0.157639   0.129729   0.114635   0.047338   473.506072   21
603400.000000   584100.000000   0.473912   0.443578   0.363504   0.386218   0.176394   0.154536   0.110408   0.057359   435.652384   2
596100.000000   587300.000000   0.365554   0.378025   0.301556   0.301136   0.104953   0.112235   0.063998   0.076888   460.392224   2
599900.000000   597700.000000   0.312084   0.346704   0.272600   0.304310   0.076495   0.094408   0.039484   0.042394   505.268246   18
569000.000000   566600.000000   0.378317   0.391936   0.375484   0.367816   0.112409   0.120648   0.002833   0.024120   494.000000   12
643000.000000   633900.000000   0.431836   0.419947   0.343083   0.353603   0.146463   0.138509   0.088752   0.066344   443.217779   22
633100.000000   610000.000000   0.399781   0.426577   0.340400   0.337590   0.125526   0.142917   0.059382   0.088987   464.760153   15
599900.000000   607100.000000   0.368733   0.375900   0.321583   0.341612   0.106786   0.110978   0.047150   0.034288   469.382573   18
638700.000000   627600.000000   0.444552   0.437804   0.290572   0.337760   0.155215   0.150539   0.153980   0.100044   442.477118   22
653500.000000   658300.000000   0.419136   0.440511   0.307586   0.319073   0.137974   0.152406   0.111549   0.121438   425.906093   21
683300.000000   650700.000000   0.369247   0.320580   0.306563   0.328429   0.107084   0.080717   0.062683   -0.007849   499.585828   14
626000.000000   602000.000000   0.390381   0.433935   0.339895   0.357445   0.119693   0.147890   0.050487   0.076491   440.818557   15
652000.000000   632000.000000   0.448426   0.424953   0.316748   0.332056   0.157932   0.141831   0.131678   0.092896   486.046294   3
628000.000000   616000.000000   0.412513   0.407449   0.340601   0.364931   0.133649   0.130387   0.071912   0.042517   469.127914   15
447100.000000   432000.000000   0.439089   0.450897   0.352978   0.341220   0.151424   0.159678   0.086111   0.109677   475.214688   25
633100.000000   633400.000000   0.429692   0.406279   0.342790   0.340817   0.145012   0.129640   0.086902   0.065462   466.315344   22
604800.000000   600100.000000   0.439961   0.447105   0.325279   0.332038   0.152026   0.157003   0.114681   0.115067   468.236052   18
586000.000000   584400.000000   0.460925   0.467773   0.294505   0.308974   0.166860   0.171854   0.166421   0.158799   437.330539   13
606000.000000   583600.000000   0.412492   0.394114   0.311663   0.351559   0.133635   0.121993   0.100829   0.042555   450.444225   2
601800.000000   627400.000000   0.454652   0.436032   0.328974   0.370719   0.162348   0.149323   0.125678   0.065312   450.000000   7
470500.000000   492800.000000   0.206966   0.206966   0.258922   0.258922   0.033643   0.033643   -0.051956   -0.051956   476.967504   23
624000.000000   634000.000000   0.431822   0.411749   0.327753   0.345730   0.146453   0.133154   0.104069   0.066019   445.798161   1
494500.000000   487800.000000   0.348840   0.319899   0.323818   0.324709   0.095575   0.080374   0.025022   -0.004810   460.332489   23
592300.000000   594500.000000   0.389395   0.397108   0.314076   0.307471   0.119088   0.123853   0.075319   0.089637   476.000000   13
613600.000000   598500.000000   0.449654   0.448559   0.340687   0.330408   0.158798   0.158026   0.108967   0.118152   463.311990   18
586100.000000   572700.000000   0.388202   0.382722   0.329660   0.339349   0.118360   0.115042   0.058542   0.043373   463.643182   24
639600.000000   616100.000000   0.357401   0.394116   0.265857   0.303437   0.100323   0.121994   0.091544   0.090679   501.748941   15
683000.000000   631700.000000   0.348755   0.380777   0.323335   0.345720   0.095528   0.113876   0.025420   0.035057   476.525970   14
609500.000000   590400.000000   0.415962   0.406465   0.341856   0.326270   0.135893   0.129759   0.074106   0.080195   434.752803   2
563700.000000   514600.000000   0.465689   0.374205   0.336794   0.360651   0.170326   0.109979   0.128895   0.013554   516.282868   17
655800.000000   645900.000000   0.465959   0.465399   0.296258   0.309693   0.170524   0.170115   0.169701   0.155706   463.493258   21
595100.000000   585600.000000   0.450642   0.459989   0.323427   0.336742   0.159497   0.166183   0.127215   0.123248   431.296882   2
682900.000000   654800.000000   0.478014   0.483961   0.328193   0.356954   0.179462   0.183954   0.149821   0.127007   468.480523   14
619800.000000   617900.000000   0.448489   0.481996   0.350047   0.369329   0.157977   0.182464   0.098443   0.112667   442.295150   15
630400.000000   602300.000000   0.431431   0.437816   0.312881   0.352347   0.146188   0.150548   0.118550   0.085470   476.942345   15
536100.000000   550600.000000   0.405247   0.402048   0.367475   0.342115   0.128982   0.126954   0.037772   0.059932   527.190668   19
598300.000000   574900.000000   0.406450   0.390681   0.314352   0.316266   0.129749   0.119877   0.092098   0.074415   456.280615   2
601800.000000   589400.000000   0.457443   0.439310   0.283180   0.289506   0.164347   0.151577   0.174263   0.149804   459.352806   2
495800.000000   504400.000000   0.434010   0.423264   0.393287   0.416200   0.147941   0.140706   0.040722   0.007064   500.440806   23
540600.000000   552700.000000   0.436378   0.435981   0.315618   0.321488   0.149560   0.149288   0.120760   0.114493   423.798301   19
610800.000000   627500.000000   0.450062   0.495251   0.305020   0.332716   0.159087   0.192638   0.145042   0.162536   453.348652   7
579100.000000   581100.000000   0.430324   0.468771   0.344833   0.366942   0.145439   0.172588   0.085491   0.101829   450.000000   24
648000.000000   631200.000000   0.447110   0.455678   0.310082   0.311657   0.157007   0.163082   0.137028   0.144022   463.320623   3
580700.000000   542100.000000   0.366806   0.413050   0.309998   0.329174   0.105673   0.133997   0.056808   0.083876   432.418779   10
556100.000000   533300.000000   0.438212   0.389780   0.335590   0.353819   0.150820   0.119324   0.102622   0.035961   476.287728   17
629100.000000   638700.000000   0.424906   0.409383   0.276087   0.312391   0.141800   0.131629   0.148820   0.096992   427.739407   1
603900.000000   623600.000000   0.387163   0.375876   0.318792   0.321607   0.117728   0.110963   0.068372   0.054269   446.000000   7
609500.000000   609800.000000   0.374363   0.379155   0.284308   0.299872   0.110072   0.112908   0.090054   0.079283   467.389559   18
655000.000000   669200.000000   0.425054   0.451202   0.308342   0.320966   0.141899   0.159894   0.116712   0.130235   463.365946   20
595300.000000   586100.000000   0.398792   0.480759   0.302331   0.327809   0.124906   0.181528   0.096461   0.152950   451.000000   2
658100.000000   653300.000000   0.394313   0.444731   0.268453   0.272585   0.122116   0.155340   0.125860   0.172145   425.286962   21
569600.000000   586300.000000   0.443978   0.489020   0.342344   0.329286   0.154815   0.187820   0.101634   0.159733   427.126445   4
524200.000000   524000.000000   0.474204   0.472969   0.293361   0.303134   0.176612   0.175693   0.180843   0.169835   463.349760   5
651000.000000   617700.000000   0.400082   0.428696   0.299914   0.301782   0.125715   0.144341   0.100168   0.126914   423.992924   3
555700.000000   565700.000000   0.436242   0.457359   0.324039   0.332604   0.149467   0.164287   0.112202   0.124754   445.324601   12
539600.000000   555600.000000   0.478788   0.466987   0.285307   0.288823   0.180043   0.171277   0.193482   0.178164   431.194852   19
553400.000000   525000.000000   0.381178   0.407052   0.290168   0.315077   0.114116   0.130134   0.091009   0.091975   434.890791   17
578800.000000   583100.000000   0.350340   0.350792   0.307510   0.316881   0.096398   0.096647   0.042830   0.033911   443.497463   24
582400.000000   572000.000000   0.443340   0.418385   0.283435   0.306891   0.154370   0.137481   0.159905   0.111494   442.163997   24
543600.000000   559600.000000   0.436355   0.437054   0.290640   0.303233   0.149544   0.150024   0.145714   0.133821   490.205059   19
631800.000000   638300.000000   0.386723   0.403640   0.285874   0.294669   0.117460   0.127961   0.100849   0.108971   455.121962   22
588500.000000   592500.000000   0.390469   0.390068   0.390551   0.317814   0.119747   0.119501   -0.000082   0.072255   406.768976   13
635900.000000   640700.000000   0.413062   0.431262   0.312506   0.327179   0.134005   0.146074   0.100557   0.104083   421.612381   22
652000.000000   632000.000000   0.438480   0.422904   0.317057   0.311722   0.151004   0.140467   0.121423   0.111182   447.320914   3
598300.000000   592900.000000   0.488265   0.453239   0.322106   0.357909   0.187241   0.161341   0.166158   0.095331   452.248825   13
584500.000000   595400.000000   0.396089   0.417344   0.260085   0.267294   0.123218   0.136798   0.136004   0.150050   448.157338   13
623600.000000   617500.000000   0.474446   0.497228   0.326286   0.325336   0.176793   0.194179   0.148160   0.171892   458.903040   15
5986000.000000   6157100.000000   0.467115   0.421431   0.309992   0.325465   0.171371   0.139490   0.157124   0.095966   5129.767344   6
668800.000000   676500.000000   0.390778   0.421145   0.284280   0.293884   0.119936   0.139300   0.106498   0.127261   458.271753   20
629000.000000   605600.000000   0.371618   0.380160   0.290261   0.313282   0.108464   0.113507   0.081358   0.066878   474.573493   15
575100.000000   599900.000000   0.427540   0.415018   0.321113   0.326545   0.143563   0.135277   0.106427   0.088473   452.545025   4
588900.000000   590500.000000   0.502365   0.483035   0.286416   0.291436   0.198211   0.183251   0.215949   0.191599   409.161337   13
535700.000000   540600.000000   0.397294   0.424206   0.298274   0.314807   0.123969   0.141333   0.099020   0.109399   477.698650   9
641300.000000   638100.000000   0.439063   0.429027   0.304712   0.306107   0.151406   0.144563   0.134351   0.122920   440.082947   22
660600.000000   645900.000000   0.422132   0.421901   0.285652   0.286913   0.139954   0.139801   0.136480   0.134987   426.709503   21
660900.000000   649900.000000   0.437924   0.415668   0.302640   0.325548   0.150622   0.135701   0.135284   0.090121   450.521920   21
651100.000000   676400.000000   0.507762   0.508791   0.301432   0.309934   0.202494   0.203315   0.206330   0.198857   439.392763   20
618400.000000   648000.000000   0.478753   0.465805   0.318559   0.314172   0.180017   0.170411   0.160194   0.151632   423.732227   11
539100.000000   527900.000000   0.413755   0.424823   0.291395   0.290992   0.134455   0.141744   0.122360   0.133831   469.914886   9
642300.000000   660800.000000   0.462032   0.434993   0.294788   0.292402   0.167662   0.148612   0.167244   0.142590   418.951071   11
522600.000000   554800.000000   0.400179   0.412840   0.278051   0.283754   0.125776   0.133861   0.122128   0.129086   405.975369   9
591900.000000   620800.000000   0.380199   0.413458   0.310864   0.317671   0.113530   0.134262   0.069335   0.095787   432.560978   16
547600.000000   554000.000000   0.439689   0.419309   0.308457   0.327742   0.151839   0.138089   0.131232   0.091567   491.546539   19
627300.000000   599900.000000   0.417430   0.454137   0.302134   0.306170   0.136854   0.161981   0.115296   0.147967   456.477820   15
621300.000000   650700.000000   0.429552   0.440023   0.287491   0.284565   0.144918   0.152069   0.142061   0.155458   428.360829   11
537200.000000   530600.000000   0.409554   0.419391   0.332697   0.349476   0.131738   0.138143   0.076857   0.069915   417.000000   9
659600.000000   641900.000000   0.454235   0.449860   0.286152   0.301472   0.162051   0.158944   0.168083   0.148389   420.059520   21
652900.000000   637700.000000   0.413262   0.435959   0.283443   0.294793   0.134134   0.149273   0.129819   0.141166   420.953679   3
637800.000000   641800.000000   0.381034   0.444426   0.337139   0.351446   0.114030   0.155127   0.043895   0.092980   435.614508   22
596000.000000   615300.000000   0.479665   0.454924   0.284561   0.293965   0.180703   0.162543   0.195103   0.160959   414.236647   16
504300.000000   539100.000000   0.448470   0.456916   0.272966   0.289291   0.157964   0.163969   0.175505   0.167624   434.010369   5
629000.000000   614200.000000   0.370529   0.399473   0.334100   0.318567   0.107829   0.125333   0.036429   0.080906   456.040568   15
591100.000000   589700.000000   0.515292   0.536459   0.305017   0.326826   0.208543   0.226028   0.210274   0.209632   396.283989   13
575700.000000   556700.000000   0.421110   0.415093   0.294072   0.306370   0.139277   0.135326   0.127038   0.108724   470.068080   10
619700.000000   616600.000000   0.425367   0.465501   0.268359   0.294623   0.142107   0.170189   0.157007   0.170878   421.203039   15
657700.000000   667800.000000   0.460741   0.515855   0.308062   0.315063   0.166726   0.208999   0.152679   0.200792   422.830935   20
592900.000000   623500.000000   0.514369   0.545142   0.333695   0.352646   0.207797   0.233405   0.180675   0.192496   401.000000   16
522000.000000   538500.000000   0.389523   0.411012   0.332275   0.334710   0.119167   0.132678   0.057248   0.076302   436.000000   9
632600.000000   643700.000000   0.301014   0.309479   0.261253   0.301840   0.071164   0.075223   0.039761   0.007639   458.481188   22
648200.000000   645300.000000   0.440375   0.418117   0.326946   0.355572   0.152312   0.137305   0.113429   0.062545   429.944182   21
616500.000000   637400.000000   0.394702   0.386006   0.284382   0.294445   0.122357   0.117025   0.110320   0.091561   428.262770   1
668100.000000   662600.000000   0.400131   0.450215   0.309810   0.320364   0.125746   0.159195   0.090322   0.129851   464.723574   14
655500.000000   641200.000000   0.342510   0.362144   0.297855   0.326150   0.092138   0.103004   0.044656   0.035994   456.711068   21
613200.000000   606100.000000   0.466144   0.464878   0.321376   0.323810   0.170659   0.169734   0.144768   0.141068   433.240118   18
622300.000000   640800.000000   0.363827   0.379389   0.282822   0.296247   0.103963   0.113047   0.081006   0.083142   442.227317   1
646500.000000   630200.000000   0.427135   0.486107   0.307725   0.316620   0.143292   0.185589   0.119410   0.169487   410.329136   3
597400.000000   604600.000000   0.421306   0.426467   0.311959   0.333721   0.139407   0.142844   0.109347   0.092746   437.120121   18
585000.000000   593400.000000   0.365927   0.359355   0.309068   0.338986   0.105167   0.101423   0.056859   0.020369   435.877276   13
590400.000000   612800.000000   0.439041   0.447828   0.326066   0.340199   0.151391   0.157511   0.112975   0.107628   430.118588   16
510800.000000   530400.000000   0.454328   0.450375   0.319135   0.338870   0.162117   0.159308   0.135193   0.111505   411.821563   5
548600.000000   553000.000000   0.419921   0.444809   0.347377   0.362051   0.138492   0.155395   0.072544   0.082757   434.622825   19
543100.000000   539100.000000   0.475978   0.491574   0.313703   0.313438   0.177936   0.189788   0.162276   0.178136   401.210668   9
635000.000000   647800.000000   0.466341   0.469313   0.305705   0.314358   0.170804   0.172988   0.160637   0.154955   412.001214   11
620300.000000   616700.000000   0.503323   0.434355   0.301188   0.323675   0.198968   0.148177   0.202135   0.110680   437.275657   15
517900.000000   546700.000000   0.443623   0.439482   0.326026   0.347222   0.154568   0.151695   0.117597   0.092260   423.727507   9
599900.000000   622200.000000   0.521295   0.483433   0.300659   0.316056   0.213430   0.183553   0.220636   0.167376   429.060602   7
643900.000000   653100.000000   0.433130   0.466818   0.307618   0.300655   0.147342   0.171153   0.125512   0.166163   434.065663   11
543100.000000   552800.000000   0.452157   0.438689   0.310016   0.344664   0.160572   0.151148   0.142142   0.094025   441.906099   19
608200.000000   604800.000000   0.339502   0.440910   0.289161   0.284098   0.090526   0.152683   0.050341   0.156812   455.126356   18
535400.000000   511300.000000   0.426597   0.440456   0.339094   0.342841   0.142931   0.152368   0.087503   0.097615   426.456328   5
522400.000000   548900.000000   0.496577   0.485696   0.284468   0.322093   0.193670   0.185276   0.212109   0.163603   425.569031   9
645500.000000   663800.000000   0.468066   0.462638   0.304919   0.313013   0.172069   0.168102   0.163147   0.149625   433.169713   20
652600.000000   637800.000000   0.406324   0.397002   0.321442   0.360879   0.129668   0.123787   0.084882   0.036123   479.805169   3
617600.000000   625400.000000   0.399092   0.370657   0.322511   0.349322   0.125094   0.107903   0.076581   0.021335   455.689587   7
560500.000000   564700.000000   0.458291   0.485506   0.314378   0.325338   0.164958   0.185131   0.143912   0.160168   418.234384   12
522300.000000   511300.000000   0.416189   0.431590   0.297391   0.300097   0.136041   0.146296   0.118798   0.131493   437.022883   5
562700.000000   574700.000000   0.400147   0.424050   0.295880   0.330631   0.125756   0.141229   0.104268   0.093419   422.000000   12
552700.000000   560100.000000   0.450356   0.410421   0.327217   0.325599   0.159295   0.132297   0.123139   0.084823   440.954646   19
666200.000000   647200.000000   0.356281   0.394478   0.283005   0.320926   0.099695   0.122218   0.073276   0.073552   456.500821   14
590600.000000   589100.000000   0.374035   0.381898   0.310504   0.309008   0.109879   0.114547   0.063532   0.072889   439.520193   13
575600.000000   592900.000000   0.410459   0.407241   0.316082   0.330377   0.132321   0.130254   0.094378   0.076863   479.150290   4
654100.000000   627800.000000   0.463024   0.435904   0.299805   0.331888   0.168383   0.149235   0.163220   0.104016   458.128803   3
601500.000000   591300.000000   0.407809   0.389206   0.299851   0.320107   0.130618   0.118973   0.107958   0.069099   425.339864   2
617900.000000   624900.000000   0.432280   0.459649   0.322767   0.317584   0.146764   0.165936   0.109513   0.142065   436.249928   7
641600.000000   651800.000000   0.436962   0.470436   0.332334   0.325219   0.149960   0.173817   0.104627   0.145217   445.071904   11
633600.000000   649200.000000   0.498974   0.446100   0.342523   0.361510   0.195545   0.156298   0.156450   0.084590   419.604576   11
608200.000000   596700.000000   0.440659   0.472335   0.296190   0.300200   0.152509   0.175222   0.144469   0.172135   444.288195   18
606000.000000   626500.000000   0.438902   0.423281   0.307471   0.323377   0.151295   0.140717   0.131432   0.099904   456.031797   7
624100.000000   624200.000000   0.448397   0.459465   0.306420   0.314853   0.157912   0.165804   0.141977   0.144611   434.658487   1
629000.000000   627300.000000   0.474024   0.449945   0.291126   0.314814   0.176478   0.159004   0.182898   0.135131   440.546252   1
597500.000000   595900.000000   0.456353   0.499880   0.335093   0.336867   0.163566   0.196255   0.121260   0.163013   449.143630   13
582000.000000   601600.000000   0.451655   0.423080   0.289912   0.300913   0.160215   0.140584   0.161743   0.122167   423.265874   13
529000.000000   535400.000000   0.478194   0.459740   0.289668   0.305310   0.179596   0.166003   0.188525   0.154430   417.412266   9
569000.000000   592500.000000   0.455306   0.430768   0.298435   0.300895   0.162816   0.145739   0.156871   0.129873   428.123814   4
603400.000000   625800.000000   0.403089   0.426224   0.329433   0.339591   0.127612   0.142681   0.073656   0.086634   425.339864   7
578900.000000   581800.000000   0.473454   0.421453   0.300872   0.325988   0.176054   0.139505   0.172583   0.095466   434.225748   24
584300.000000   609400.000000   0.419780   0.433297   0.318187   0.330574   0.138399   0.147456   0.101593   0.102723   434.000000   16
4040000.000000   4180000.000000   0.419319   0.401051   0.354067   0.338369   0.138095   0.126325   0.065252   0.062682   4519.966814   8
643700.000000   639300.000000   0.465116   0.484195   0.300136   0.328135   0.169908   0.184133   0.164980   0.156060   441.702388   22
544900.000000   542200.000000   0.404659   0.466367   0.318228   0.324849   0.128608   0.170823   0.086430   0.141518   436.000000   9
527400.000000   520500.000000   0.383532   0.390072   0.293163   0.298731   0.115529   0.119503   0.090368   0.091340   452.142677   5
539500.000000   564000.000000   0.405871   0.394273   0.314769   0.312807   0.129379   0.122091   0.091101   0.081465   446.149078   19
588000.000000   613500.000000   0.400405   0.435181   0.334882   0.336745   0.125918   0.148741   0.065524   0.098436   444.253306   16
547400.000000   550200.000000   0.458240   0.438700   0.288253   0.326583   0.164921   0.151156   0.169986   0.112117   424.000000   19
657700.000000   675000.000000   0.462760   0.489997   0.330771   0.351260   0.168190   0.188572   0.131989   0.138737   429.644039   20
585200.000000   576700.000000   0.425502   0.461462   0.315107   0.326397   0.142198   0.167248   0.110395   0.135065   466.366808   24
530600.000000   548000.000000   0.412490   0.416203   0.298926   0.307660   0.133634   0.136050   0.113564   0.108543   429.083908   9
562800.000000   543200.000000   0.402568   0.385938   0.294429   0.297626   0.127282   0.116983   0.108138   0.088312   469.004264   10
573500.000000   559100.000000   0.407098   0.400534   0.285610   0.306800   0.130163   0.126000   0.121488   0.093735   434.005760   10
530100.000000   557200.000000   0.451698   0.462303   0.313567   0.321670   0.160245   0.167859   0.138130   0.140634   453.547131   19
666000.000000   636000.000000   0.408946   0.430313   0.290585   0.302971   0.131347   0.145431   0.118361   0.127342   470.320104   3
640300.000000   658000.000000   0.450131   0.444371   0.312293   0.323231   0.159136   0.155089   0.137838   0.121140   414.509349   11
619100.000000   642100.000000   0.474890   0.467533   0.309107   0.335468   0.177124   0.171678   0.165784   0.132065   450.471975   1
650100.000000   659500.000000   0.379704   0.395006   0.324022   0.332118   0.113235   0.122545   0.055682   0.062888   463.060471   21
657300.000000   663600.000000   0.452472   0.481734   0.320466   0.328185   0.160795   0.182265   0.132006   0.153549   444.346711   20
588200.000000   591700.000000   0.439848   0.457093   0.296448   0.310260   0.151948   0.164097   0.143400   0.146833   442.000000   13
580100.000000   608400.000000   0.477182   0.513861   0.311319   0.322049   0.178837   0.207387   0.165863   0.191812   449.867758   16
607900.000000   617600.000000   0.404516   0.390408   0.299459   0.321171   0.128517   0.119709   0.105056   0.069237   464.458825   7
639200.000000   635800.000000   0.451064   0.410054   0.270524   0.292950   0.159796   0.132060   0.180540   0.117104   452.235558   22
527000.000000   543000.000000   0.484435   0.488578   0.369962   0.381121   0.184315   0.187481   0.114473   0.107458   429.000000   9
648000.000000   654000.000000   0.466781   0.462086   0.330407   0.355998   0.171126   0.167701   0.136374   0.106088   461.953461   21
553700.000000   559800.000000   0.490816   0.428888   0.313601   0.313096   0.189203   0.144470   0.177215   0.115792   436.326712   19
582800.000000   594200.000000   0.494869   0.444666   0.295599   0.328508   0.192340   0.155295   0.199270   0.116158   433.226269   13
610000.000000   621100.000000   0.455957   0.479567   0.303868   0.310886   0.163282   0.180629   0.152089   0.168681   431.372229   7
612600.000000   625500.000000   0.400326   0.434724   0.364005   0.367276   0.125869   0.148428   0.036321   0.067448   433.664617   7
648900.000000   671600.000000   0.427653   0.447594   0.336956   0.337116   0.143639   0.157347   0.090697   0.110478   467.209803   20
637000.000000   622100.000000   0.435837   0.411091   0.317489   0.316215   0.149189   0.132729   0.118348   0.094876   460.434577   15
640600.000000   613300.000000   0.375899   0.410329   0.287504   0.313789   0.110977   0.132238   0.088395   0.096541   450.693909   15
593500.000000   602600.000000   0.444489   0.467041   0.302686   0.322445   0.155172   0.171317   0.141803   0.144595   424.040092   13
659000.000000   664300.000000   0.335478   0.386441   0.333399   0.339513   0.088393   0.117289   0.002079   0.046928   457.735732   20
582600.000000   593200.000000   0.537358   0.523410   0.330906   0.360688   0.226787   0.215166   0.206453   0.162723   453.233935   13
621300.000000   613600.000000   0.430677   0.480581   0.325869   0.341566   0.145678   0.181394   0.104808   0.139015   455.663253   15
635900.000000   635800.000000   0.458540   0.458864   0.304457   0.333546   0.165137   0.165370   0.154083   0.125318   460.297730   22
564300.000000   571300.000000   0.447227   0.434942   0.304380   0.319552   0.157089   0.148577   0.142848   0.115390   421.232715   12
575300.000000   575100.000000   0.452218   0.463296   0.323820   0.340404   0.160615   0.168580   0.128398   0.122892   471.517762   24
520800.000000   530900.000000   0.419684   0.411168   0.338983   0.352375   0.138336   0.132779   0.080701   0.058793   504.311412   5
561800.000000   560100.000000   0.373287   0.398313   0.311371   0.299362   0.109440   0.124606   0.061916   0.098951   435.332057   12
653100.000000   643500.000000   0.432245   0.457123   0.293033   0.282826   0.146740   0.164118   0.139212   0.174297   451.373460   21
615500.000000   608600.000000   0.443753   0.457954   0.304705   0.327754   0.154658   0.164715   0.139048   0.130200   476.522822   18
598600.000000   572400.000000   0.431928   0.399614   0.344742   0.373594   0.146525   0.125422   0.087185   0.026021   438.292140   2
617400.000000   612800.000000   0.533595   0.488077   0.315342   0.340578   0.223621   0.187097   0.218253   0.147499   444.598695   15
643200.000000   646700.000000   0.510764   0.545956   0.322917   0.357454   0.204895   0.234102   0.187847   0.188501   438.463225   22
568400.000000   549200.000000   0.402794   0.457532   0.324626   0.338268   0.127425   0.164412   0.078167   0.119264   427.263385   10
650900.000000   649000.000000   0.398045   0.474065   0.348913   0.345286   0.124438   0.176508   0.049132   0.128778   441.653711   21
622600.000000   643800.000000   0.423114   0.402540   0.317913   0.333387   0.140606   0.127265   0.105201   0.069153   469.140704   1
575500.000000   577700.000000   0.405598   0.391215   0.276645   0.284637   0.129205   0.120205   0.128953   0.106579   467.546789   24
567300.000000   530100.000000   0.420653   0.427146   0.317614   0.343513   0.138975   0.143299   0.103039   0.083632   463.570922   17
585300.000000   618000.000000   0.410457   0.381965   0.288077   0.282017   0.132320   0.114588   0.122381   0.099948   434.255685   16
646500.000000   635700.000000   0.518071   0.488203   0.345554   0.376794   0.210799   0.187194   0.172518   0.111409   435.197656   22
623900.000000   635600.000000   0.387317   0.379641   0.323820   0.319986   0.117821   0.113197   0.063497   0.059655   494.683737   1
649800.000000   652100.000000   0.409225   0.436263   0.302720   0.321468   0.131527   0.149481   0.106505   0.114795   475.946426   21
571600.000000   583800.000000   0.377325   0.377343   0.301328   0.301553   0.111821   0.111831   0.075997   0.075790   427.000000   4
611300.000000   617400.000000   0.453378   0.456334   0.301014   0.319622   0.161440   0.163552   0.152365   0.136712   451.240512   7
582700.000000   587900.000000   0.377259   0.399038   0.293387   0.314838   0.111781   0.125060   0.083872   0.084200   449.484149   13
645000.000000   682400.000000   0.431867   0.446529   0.350691   0.353552   0.146484   0.156599   0.081176   0.092977   443.703730   20
665000.000000   636700.000000   0.401668   0.457968   0.290325   0.303126   0.126714   0.164726   0.111344   0.154842   446.010090   3
519400.000000   503000.000000   0.410862   0.468423   0.315670   0.334883   0.132581   0.172332   0.095192   0.133540   518.713794   5
667500.000000   665400.000000   0.341150   0.336766   0.302782   0.297637   0.091407   0.089073   0.038369   0.039129   471.513520   20
656000.000000   688000.000000   0.432964   0.417720   0.344955   0.346653   0.147229   0.137044   0.088009   0.071066   463.793057   20
592600.000000   614500.000000   0.422241   0.439880   0.295141   0.303128   0.140027   0.151970   0.127100   0.136752   458.415750   16
659200.000000   685600.000000   0.349454   0.373396   0.299423   0.281505   0.095911   0.109504   0.050031   0.091891   448.412756   20
612400.000000   629900.000000   0.441956   0.468829   0.319695   0.345568   0.153408   0.172631   0.122261   0.123261   427.435375   7
601600.000000   588800.000000   0.445929   0.439007   0.314335   0.329098   0.156179   0.151368   0.131594   0.109909   428.695696   2
603000.000000   567600.000000   0.380397   0.396052   0.294951   0.317863   0.113648   0.123196   0.085446   0.078189   447.343269   2
667400.000000   665300.000000   0.485540   0.473271   0.319637   0.340564   0.185157   0.175918   0.165902   0.132707   457.961789   20
596100.000000   563200.000000   0.387547   0.385935   0.282774   0.313429   0.117961   0.116982   0.104773   0.072506   483.976239   24
564300.000000   568700.000000   0.418994   0.401555   0.313349   0.307554   0.137881   0.126643   0.105645   0.094001   465.769256   12
590900.000000   565400.000000   0.423681   0.408924   0.311189   0.316034   0.140984   0.131333   0.112493   0.092890   441.490657   24
672900.000000   647800.000000   0.357944   0.403727   0.314470   0.335773   0.100628   0.128016   0.043475   0.067954   456.097577   14
633600.000000   625100.000000   0.427532   0.430823   0.314002   0.319165   0.143558   0.145777   0.113530   0.111658   433.226269   1
605700.000000   619900.000000   0.444390   0.412035   0.340465   0.332954   0.155102   0.133339   0.103925   0.079080   466.615473   7
627200.000000   633200.000000   0.419169   0.449445   0.314782   0.338487   0.137997   0.158651   0.104388   0.110957   479.051145   1
540600.000000   568800.000000   0.429697   0.439566   0.291596   0.293067   0.145016   0.151753   0.138101   0.146499   439.000000   19
657700.000000   646200.000000   0.412941   0.386749   0.321669   0.332757   0.133926   0.117476   0.091271   0.053992   435.855481   21
667200.000000   654500.000000   0.397969   0.438830   0.331911   0.327273   0.124391   0.151246   0.066058   0.111557   440.447500   14
602800.000000   580300.000000   0.421134   0.451626   0.299148   0.304872   0.139293   0.160194   0.121986   0.146754   445.252737   2
560400.000000   583400.000000   0.353105   0.421651   0.308198   0.359422   0.097926   0.139636   0.044907   0.062229   456.448245   12
527800.000000   505600.000000   0.361901   0.409765   0.355123   0.379118   0.102866   0.131874   0.006779   0.030647   472.213935   5
513200.000000   506800.000000   0.485982   0.508525   0.337636   0.347360   0.185494   0.203102   0.148346   0.161166   428.117974   5
663900.000000   679500.000000   0.399159   0.390392   0.327431   0.336534   0.125136   0.119699   0.071729   0.053857   463.246155   20
655400.000000   653600.000000   0.445578   0.480043   0.343941   0.343896   0.155932   0.180988   0.101637   0.136147   456.648661   21
603500.000000   596600.000000   0.476067   0.483207   0.346954   0.356431   0.178002   0.183381   0.129113   0.126776   449.321711   18
585500.000000   580100.000000   0.438527   0.428314   0.352055   0.356818   0.151036   0.144083   0.086471   0.071496   440.000000   24
581700.000000   598400.000000   0.474445   0.439500   0.318346   0.313324   0.176791   0.151708   0.156099   0.126176   439.026195   13
630400.000000   650100.000000   0.402042   0.426636   0.318635   0.303299   0.126950   0.142957   0.083406   0.123337   451.363490   11
645300.000000   641900.000000   0.432768   0.483027   0.311827   0.291607   0.147096   0.183245   0.120941   0.191420   440.501986   22
625100.000000   624900.000000   0.385971   0.400893   0.291404   0.306682   0.117004   0.126225   0.094567   0.094211   483.244245   1
623100.000000   632200.000000   0.387690   0.436789   0.295929   0.311731   0.118048   0.149842   0.091762   0.125058   439.113880   1
552900.000000   570900.000000   0.419984   0.411802   0.296855   0.305688   0.138534   0.133188   0.123129   0.106114   409.957315   12
643200.000000   653600.000000   0.516087   0.489672   0.299778   0.329898   0.209188   0.188321   0.216309   0.159774   431.912028   11
576000.000000   596000.000000   0.409111   0.441529   0.351756   0.364450   0.131454   0.153112   0.057356   0.077079   445.449211   4
570100.000000   595600.000000   0.438811   0.464566   0.304567   0.324541   0.151233   0.169506   0.134245   0.140025   423.065007   4
629500.000000   631500.000000   0.473984   0.506330   0.308607   0.315995   0.176448   0.201352   0.165378   0.190334   412.917667   1
655700.000000   628500.000000   0.434490   0.497697   0.344658   0.339177   0.148268   0.194545   0.089831   0.158521   438.262478   3
603900.000000   599800.000000   0.386941   0.374881   0.299851   0.302284   0.117593   0.110377   0.087091   0.072597   463.035636   18
626300.000000   631300.000000   0.437971   0.449989   0.292503   0.301636   0.150654   0.159035   0.145469   0.148353   466.502947   1
631800.000000   651700.000000   0.428081   0.405656   0.298808   0.304915   0.143927   0.129243   0.129273   0.100742   439.960225   11
650800.000000   647700.000000   0.512629   0.475251   0.341766   0.383552   0.206394   0.177393   0.170863   0.091699   430.986079   21
626500.000000   613300.000000   0.433998   0.450982   0.329176   0.360365   0.147933   0.159738   0.104823   0.090617   459.518226   15
659700.000000   618900.000000   0.383463   0.339910   0.294937   0.347298   0.115488   0.090744   0.088525   -0.007388   465.447097   3
598300.000000   568500.000000   0.406154   0.406123   0.343310   0.336471   0.129560   0.129540   0.062844   0.069652   443.000000   2
636900.000000   656000.000000   0.469491   0.425490   0.361580   0.356113   0.173119   0.142190   0.107911   0.069376   437.732795   11
609500.000000   602200.000000   0.380057   0.451071   0.325650   0.326946   0.113445   0.159801   0.054407   0.124125   441.823494   18
582100.000000   607600.000000   0.439634   0.421701   0.309926   0.318140   0.151800   0.139668   0.129708   0.103560   428.052567   16
578600.000000   585300.000000   0.455908   0.429189   0.314353   0.313473   0.163247   0.144673   0.141555   0.115716   402.000000   4
608900.000000   609100.000000   0.402878   0.422859   0.303701   0.331087   0.127479   0.140437   0.099177   0.091772   416.082924   18
545100.000000   551100.000000   0.468258   0.431139   0.295519   0.284941   0.172210   0.145990   0.172739   0.146198   429.979069   19
655400.000000   665900.000000   0.415804   0.456627   0.335471   0.355852   0.135790   0.163762   0.080333   0.100774   451.080924   20
565900.000000   579500.000000   0.449671   0.451121   0.328776   0.330082   0.158811   0.159836   0.120895   0.121039   426.276905   12
672800.000000   659600.000000   0.431926   0.421025   0.327415   0.337938   0.146524   0.139221   0.104511   0.083087   411.024330   14
559900.000000   584200.000000   0.469760   0.453800   0.326101   0.345594   0.173317   0.161740   0.143658   0.108205   425.230526   12
570500.000000   606900.000000   0.418797   0.436192   0.301474   0.323974   0.137752   0.149432   0.117323   0.112218   440.368028   4
613200.000000   638500.000000   0.401516   0.416238   0.287851   0.290878   0.126618   0.136074   0.113666   0.125361   423.302492   1
568200.000000   593400.000000   0.406477   0.391395   0.293238   0.300011   0.129766   0.120315   0.113238   0.091384   431.000000   4
624100.000000   644200.000000   0.399700   0.378169   0.332893   0.338539   0.125475   0.112321   0.066807   0.039630   453.811635   1
513800.000000   518100.000000   0.442421   0.450019   0.325366   0.352305   0.153731   0.159056   0.117055   0.097714   427.070252   5
663800.000000   662100.000000   0.434688   0.448187   0.320387   0.327215   0.148404   0.157764   0.114301   0.120972   431.342092   20
576400.000000   592300.000000   0.422957   0.417375   0.317333   0.306216   0.140502   0.136818   0.105624   0.111159   437.457426   4
633400.000000   635000.000000   0.439063   0.443759   0.335478   0.360681   0.151406   0.154662   0.103585   0.083078   424.227533   22
555000.000000   577600.000000   0.479791   0.497050   0.341261   0.342302   0.180798   0.194040   0.138530   0.154748   433.333590   12
601600.000000   616700.000000   0.420834   0.418120   0.325376   0.337442   0.139095   0.137307   0.095458   0.080679   440.368028   7
616800.000000   637800.000000   0.474585   0.470203   0.310889   0.312811   0.176896   0.173645   0.163696   0.157392   439.738559   1
604700.000000   604900.000000   0.468482   0.438075   0.314576   0.318018   0.172375   0.150726   0.153906   0.120057   419.640322   18
615600.000000   636900.000000   0.477792   0.473076   0.326093   0.331851   0.179295   0.175773   0.151699   0.141225   441.714840   1
642100.000000   643500.000000   0.384096   0.363816   0.353863   0.373626   0.115870   0.103957   0.030233   -0.009810   457.931218   22
653500.000000   665700.000000   0.390740   0.427335   0.312847   0.334522   0.119913   0.143426   0.077893   0.092813   450.317666   20
629100.000000   643500.000000   0.417189   0.426210   0.325863   0.348880   0.136696   0.142671   0.091326   0.077330   427.701999   11
647300.000000   641800.000000   0.401528   0.385017   0.324254   0.325590   0.126625   0.116426   0.077274   0.059427   436.818040   22
626100.000000   643100.000000   0.402831   0.468062   0.341000   0.342937   0.127449   0.172067   0.061831   0.125125   413.309811   1
516800.000000   527600.000000   0.438819   0.404429   0.333436   0.348878   0.151238   0.128462   0.105383   0.055552   434.108281   5
539600.000000   571600.000000   0.384250   0.419060   0.314038   0.321502   0.115962   0.137924   0.070212   0.097558   425.714693   19
627200.000000   631300.000000   0.441863   0.470892   0.342600   0.353418   0.153344   0.174153   0.099264   0.117473   468.470917   1
618100.000000   587200.000000   0.435416   0.435336   0.301114   0.321428   0.148901   0.148846   0.134302   0.113907   452.329526   2
605200.000000   627500.000000   0.417534   0.406217   0.293343   0.304570   0.136922   0.129601   0.124191   0.101647   448.625679   7
622100.000000   610800.000000   0.428515   0.473405   0.318262   0.332175   0.144219   0.176017   0.110253   0.141230   462.222890   15
558000.000000   567800.000000   0.377137   0.355958   0.300577   0.320372   0.111709   0.099515   0.076560   0.035586   432.296195   12
574100.000000   574100.000000   0.460221   0.453015   0.305616   0.323398   0.166350   0.161182   0.154605   0.129617   414.016908   24
612400.000000   601900.000000   0.417831   0.463363   0.338389   0.366196   0.137117   0.168629   0.079442   0.097167   438.399361   18
555300.000000   565800.000000   0.407795   0.469531   0.314009   0.321818   0.130609   0.173148   0.093785   0.147713   465.717726   12
650000.000000   668000.000000   0.398742   0.485242   0.341136   0.368434   0.124874   0.184930   0.057605   0.116808   437.378555   20
650000.000000   632300.000000   0.445686   0.406846   0.363116   0.380487   0.156009   0.130002   0.082570   0.026358   429.377456   3
608600.000000   608700.000000   0.439185   0.469056   0.323320   0.344235   0.151490   0.172798   0.115865   0.124821   443.939185   18
629400.000000   631300.000000   0.471820   0.414712   0.337940   0.343961   0.174841   0.135078   0.133880   0.070751   427.129957   1
630300.000000   657200.000000   0.457370   0.449226   0.348875   0.347428   0.164295   0.158497   0.108495   0.101798   424.445521   11
553900.000000   568800.000000   0.456788   0.454781   0.281158   0.297358   0.163877   0.162440   0.175629   0.157423   424.000000   12
639300.000000   618700.000000   0.399203   0.433072   0.321385   0.332883   0.125164   0.147303   0.077819   0.100189   433.373972   15
579500.000000   601800.000000   0.477534   0.432480   0.348363   0.357093   0.179101   0.146900   0.129171   0.075387   431.000000   13
653800.000000   646300.000000   0.425335   0.454582   0.316552   0.333553   0.142086   0.162299   0.108782   0.121030   429.683605   21
564100.000000   574700.000000   0.425635   0.414509   0.329213   0.354306   0.142287   0.134945   0.096422   0.060203   420.072613   12
613400.000000   618600.000000   0.498911   0.472885   0.362234   0.385114   0.195495   0.175631   0.136678   0.087771   421.257641   7
656200.000000   670300.000000   0.428362   0.468283   0.302824   0.289031   0.144116   0.172229   0.125538   0.179252   446.284663   20
598700.000000   619100.000000   0.434837   0.442578   0.323745   0.319007   0.148505   0.153840   0.111091   0.123570   416.235510   16
630400.000000   651300.000000   0.457175   0.437319   0.290989   0.298189   0.164155   0.150206   0.166186   0.139130   391.841805   11
605900.000000   579600.000000   0.423056   0.436276   0.349118   0.358532   0.140567   0.149490   0.073937   0.077744   436.835209   2
659100.000000   634800.000000   0.429407   0.465177   0.357659   0.388493   0.144820   0.169952   0.071748   0.076684   470.919314   3
603300.000000   582500.000000   0.363111   0.386533   0.308623   0.323424   0.103555   0.117345   0.054488   0.063109   439.396177   2
655400.000000   653100.000000   0.415900   0.402025   0.343462   0.341800   0.135853   0.126939   0.072438   0.060224   455.505214   21
646000.000000   657700.000000   0.436114   0.426034   0.326056   0.321743   0.149379   0.142554   0.110058   0.104291   469.308001   21
606600.000000   580100.000000   0.447876   0.435650   0.348463   0.344166   0.157545   0.149062   0.099413   0.091484   455.131849   2
519500.000000   536200.000000   0.433508   0.466253   0.302006   0.322621   0.147600   0.170739   0.131502   0.143632   431.259782   9
587000.000000   599900.000000   0.436295   0.407396   0.338763   0.341446   0.149503   0.130353   0.097532   0.065949   451.425520   13
577500.000000   594600.000000   0.463959   0.458731   0.326508   0.333691   0.169063   0.165275   0.137451   0.125040   439.000000   4
605500.000000   617300.000000   0.452751   0.460541   0.322257   0.358639   0.160994   0.166581   0.130495   0.101902   461.566897   7
652400.000000   633500.000000   0.414578   0.471000   0.306238   0.339461   0.134990   0.174233   0.108340   0.131539   433.132774   3
643800.000000   642300.000000   0.425514   0.418526   0.307159   0.333735   0.142206   0.137573   0.118355   0.084791   432.699665   22
555500.000000   571500.000000   0.384889   0.415133   0.294888   0.334006   0.116349   0.135352   0.090002   0.081127   442.000000   12
662700.000000   635600.000000   0.410345   0.454557   0.281676   0.289676   0.132248   0.162281   0.128670   0.164881   435.353879   3
629700.000000   627700.000000   0.386558   0.400037   0.307073   0.325126   0.117360   0.125687   0.079485   0.074911   454.772471   1
600000.000000   611800.000000   0.450019   0.426056   0.300255   0.304143   0.159057   0.142569   0.149764   0.121913   432.261495   16
629500.000000   629900.000000   0.425967   0.451792   0.355871   0.349350   0.142509   0.160312   0.070096   0.102442   455.518386   1
498100.000000   491400.000000   0.395360   0.404401   0.358801   0.370755   0.122765   0.128444   0.036559   0.033646   475.095780   23
610000.000000   594000.000000   0.456431   0.394813   0.343362   0.338078   0.163621   0.122426   0.113069   0.056735   497.016096   18
648300.000000   634000.000000   0.449413   0.446297   0.353714   0.366406   0.158629   0.156436   0.095699   0.079890   444.083326   3
585000.000000   594400.000000   0.484798   0.434897   0.377937   0.419695   0.184591   0.148546   0.106861   0.015202   444.000000   13
637800.000000   635600.000000   0.338610   0.338610   0.375766   0.375766   0.090051   0.090051   -0.037156   -0.037156   465.585653   22
619800.000000   628100.000000   0.431641   0.442899   0.316033   0.316346   0.146331   0.154063   0.115608   0.126553   428.197384   1
627400.000000   625700.000000   0.417312   0.445170   0.327002   0.344573   0.136777   0.155647   0.090310   0.100597   431.455676   1
530700.000000   547800.000000   0.369278   0.362237   0.341824   0.345241   0.107102   0.103056   0.027454   0.016995   513.066273   9
580100.000000   578800.000000   0.441159   0.421829   0.325827   0.339647   0.152855   0.139754   0.115332   0.082182   418.202104   24
657200.000000   633300.000000   0.418398   0.409499   0.314907   0.337450   0.137489   0.131703   0.103491   0.072048   440.556466   3
661100.000000   624400.000000   0.400712   0.420298   0.318184   0.334812   0.126111   0.138741   0.082529   0.085486   443.125264   3
589800.000000   554400.000000   0.397671   0.382302   0.302655   0.325171   0.124204   0.114790   0.095015   0.057131   450.285465   10
612500.000000   612500.000000   0.439232   0.443350   0.290132   0.312988   0.151523   0.154378   0.149099   0.130362   471.221816   18
665300.000000   651100.000000   0.392904   0.439386   0.338091   0.362816   0.121245   0.151629   0.054813   0.076570   457.515027   14
638700.000000   642400.000000   0.440486   0.464751   0.315953   0.339013   0.152389   0.169641   0.124532   0.125738   440.223807   22
601500.000000   619100.000000   0.492035   0.465465   0.317105   0.309220   0.190143   0.170163   0.174930   0.156245   455.861821   7
581200.000000   612700.000000   0.482670   0.481068   0.338549   0.349454   0.182975   0.181762   0.144121   0.131614   429.298265   16
673800.000000   660400.000000   0.429978   0.487944   0.306705   0.326426   0.145205   0.186995   0.123273   0.161518   435.271180   14
646000.000000   666700.000000   0.411462   0.429947   0.362989   0.368989   0.132969   0.145184   0.048473   0.060958   448.742688   20
630000.000000   604000.000000   0.362408   0.371112   0.286197   0.324551   0.103154   0.108168   0.076211   0.046561   483.703422   15
610900.000000   602100.000000   0.359141   0.347548   0.304467   0.316785   0.101303   0.094868   0.054675   0.030763   445.363896   18
688000.000000   675500.000000   0.403366   0.469022   0.337777   0.327802   0.127787   0.172773   0.065588   0.141220   461.965367   14
623000.000000   616800.000000   0.458591   0.518563   0.321721   0.325906   0.165174   0.211200   0.136870   0.192658   451.279293   15
607200.000000   609300.000000   0.364360   0.377053   0.298597   0.316752   0.104268   0.111659   0.065763   0.060302   431.418590   18
598500.000000   606500.000000   0.490114   0.452288   0.309378   0.340186   0.188662   0.160664   0.180736   0.112102   449.181478   18
640000.000000   634000.000000   0.396693   0.415549   0.330517   0.331192   0.123595   0.135624   0.066177   0.084357   429.795300   22
576500.000000   565200.000000   0.311154   0.360235   0.338851   0.358449   0.076040   0.101920   -0.027696   0.001786   443.305764   24
658300.000000   675000.000000   0.421462   0.417769   0.298811   0.285073   0.139510   0.137076   0.122651   0.132696   451.279293   20
648100.000000   638400.000000   0.405945   0.418629   0.293551   0.311373   0.129427   0.137641   0.112394   0.107256   430.921106   22
598000.000000   577900.000000   0.402344   0.410929   0.344306   0.345020   0.127141   0.132624   0.058038   0.065909   454.463420   2
560100.000000   551000.000000   0.426510   0.428044   0.308087   0.307420   0.142872   0.143902   0.118423   0.120623   450.000000   10
627300.000000   633400.000000   0.412877   0.399820   0.332304   0.354136   0.133885   0.125550   0.080573   0.045683   455.834400   1
658000.000000   644000.000000   0.427535   0.444728   0.319407   0.327740   0.143560   0.155338   0.108129   0.116987   442.090488   21
653800.000000   657400.000000   0.383098   0.417777   0.344876   0.342973   0.115268   0.137082   0.038222   0.074805   457.525956   21
675900.000000   649900.000000   0.459020   0.438676   0.327862   0.338803   0.165483   0.151139   0.131158   0.099873   424.199246   14
613900.000000   638500.000000   0.430077   0.441569   0.283120   0.295036   0.145272   0.153139   0.146957   0.146532   428.123814   1
656900.000000   659300.000000   0.416470   0.407492   0.293097   0.308102   0.136225   0.130415   0.123373   0.099390   439.414383   21
596700.000000   614700.000000   0.484788   0.501308   0.340060   0.346152   0.184584   0.197379   0.144728   0.155156   410.147534   16
593100.000000   589000.000000   0.536508   0.557903   0.323657   0.347026   0.226069   0.244460   0.212851   0.210877   457.351069   13
646300.000000   629900.000000   0.511594   0.538736   0.327910   0.362611   0.205561   0.227951   0.183684   0.176125   420.738636   3
560200.000000   541700.000000   0.451331   0.447758   0.314124   0.330471   0.159985   0.157462   0.137207   0.117287   482.411650   17
595100.000000   606600.000000   0.507293   0.481723   0.324155   0.347201   0.202119   0.182257   0.183138   0.134523   477.529057   16
579500.000000   580700.000000   0.438827   0.433785   0.317451   0.348855   0.151243   0.147788   0.121376   0.084930   462.312665   24
463400.000000   449900.000000   0.383848   0.382687   0.343626   0.333984   0.115720   0.115021   0.040222   0.048703   520.155746   25
617600.000000   612600.000000   0.491425   0.489890   0.323531   0.331092   0.189673   0.188489   0.167895   0.158798   434.125558   15
493300.000000   473500.000000   0.431905   0.435557   0.301140   0.332500   0.146510   0.148998   0.130765   0.103057   477.765633   23
554900.000000   579400.000000   0.456166   0.429767   0.344408   0.370050   0.163432   0.145062   0.111758   0.059716   463.624848   12
595100.000000   610100.000000   0.457164   0.457322   0.323371   0.321397   0.164147   0.164261   0.133793   0.135925   418.303717   16
538900.000000   540500.000000   0.452834   0.436580   0.337427   0.347843   0.161053   0.149699   0.115407   0.088738   413.456165   9
557300.000000   583800.000000   0.420599   0.462906   0.305441   0.307606   0.138940   0.168297   0.115158   0.155300   405.000000   12
609500.000000   634600.000000   0.457278   0.452763   0.304225   0.313915   0.164229   0.161002   0.153053   0.138849   414.585335   7
615400.000000   634600.000000   0.527531   0.514930   0.283289   0.307839   0.218568   0.208251   0.244242   0.207091   412.254776   1
635800.000000   637600.000000   0.439546   0.436655   0.352451   0.369274   0.151740   0.149750   0.087095   0.067381   436.354214   22
669700.000000   653400.000000   0.442064   0.475249   0.336789   0.319671   0.153483   0.177391   0.105275   0.155578   454.103512   14
524700.000000   523500.000000   0.414695   0.410459   0.307076   0.322895   0.135066   0.132321   0.107619   0.087564   416.015625   5
625800.000000   625900.000000   0.460435   0.522603   0.298544   0.325350   0.166505   0.214503   0.161892   0.197253   422.067530   1
647800.000000   630400.000000   0.421828   0.469772   0.332006   0.343783   0.139753   0.173326   0.089822   0.125989   444.262310   3
566400.000000   591500.000000   0.471208   0.479745   0.331701   0.341361   0.174387   0.180764   0.139507   0.138385   440.192004   4
554500.000000   554400.000000   0.471886   0.515088   0.310652   0.318698   0.174890   0.208378   0.161234   0.196390   410.823563   19
589100.000000   590500.000000   0.450205   0.461357   0.286279   0.304684   0.159188   0.167172   0.163926   0.156673   455.510702   13
638500.000000   652400.000000   0.528209   0.546692   0.335166   0.362975   0.219130   0.234733   0.193043   0.183716   417.528442   11
486100.000000   477300.000000   0.452891   0.472691   0.314422   0.329814   0.161093   0.175487   0.138469   0.142877   510.405721   23
628700.000000   646300.000000   0.394747   0.376892   0.359374   0.378713   0.122385   0.111564   0.035373   -0.001821   440.832168   11
561200.000000   563800.000000   0.480516   0.496491   0.326201   0.330271   0.181345   0.193603   0.154315   0.166219   442.416094   12
607800.000000   631800.000000   0.440756   0.435778   0.305009   0.325019   0.152576   0.149149   0.135747   0.110759   419.001193   7
639200.000000   639300.000000   0.482661   0.517532   0.313289   0.335899   0.182968   0.210360   0.169372   0.181633   425.409215   22
595300.000000   586300.000000   0.504988   0.504825   0.319860   0.332846   0.200287   0.200157   0.185128   0.171979   435.000000   2
569000.000000   523600.000000   0.416401   0.385542   0.312796   0.349653   0.136180   0.116744   0.103604   0.035889   424.265247   17
618500.000000   619900.000000   0.464567   0.438489   0.305595   0.331565   0.169506   0.151011   0.158972   0.106924   451.220567   7
654500.000000   631700.000000   0.429020   0.436354   0.298256   0.327574   0.144559   0.149543   0.130764   0.108780   430.261548   3
623700.000000   631900.000000   0.465419   0.454966   0.310859   0.324994   0.170129   0.162573   0.154559   0.129971   422.895968   1
561200.000000   526200.000000   0.507919   0.511100   0.316733   0.311451   0.202618   0.205164   0.191186   0.199649   455.131849   17
608300.000000   611000.000000   0.553591   0.538915   0.330431   0.350442   0.240695   0.228103   0.223160   0.188473   419.620066   18
639900.000000   659900.000000   0.434279   0.433705   0.343533   0.366134   0.148124   0.147733   0.090746   0.067571   433.887082   11
579800.000000   548500.000000   0.402557   0.415642   0.314944   0.342752   0.127275   0.135684   0.087613   0.072890   434.885042   10
601600.000000   610200.000000   0.463752   0.487115   0.333719   0.348396   0.168912   0.186360   0.130033   0.138719   455.411901   18
551000.000000   527000.000000   0.402353   0.420420   0.353219   0.341742   0.127146   0.138821   0.049134   0.078677   478.223797   17
634300.000000   653400.000000   0.432814   0.453082   0.318548   0.315659   0.147127   0.161229   0.114266   0.137423   438.928240   11
598700.000000   605100.000000   0.349498   0.337474   0.312156   0.343685   0.095935   0.089448   0.037342   -0.006211   401.000000   18
591100.000000   616300.000000   0.363555   0.421458   0.346007   0.332387   0.103808   0.139508   0.017548   0.089071   435.000000   16
606000.000000   610300.000000   0.431780   0.430970   0.318458   0.338681   0.146425   0.145876   0.113322   0.092289   421.284939   18
610500.000000   590000.000000   0.398637   0.418419   0.344144   0.352145   0.124809   0.137503   0.054493   0.066275   462.208827   2
683500.000000   666500.000000   0.417366   0.369418   0.295060   0.317391   0.136812   0.107183   0.122305   0.052026   465.365448   14
582200.000000   593200.000000   0.474123   0.465306   0.287619   0.302565   0.176551   0.170047   0.186504   0.162741   430.227847   13
605300.000000   617900.000000   0.378621   0.447744   0.323666   0.326386   0.112590   0.157453   0.054955   0.121358   432.500867   7
584300.000000   603300.000000   0.465511   0.420203   0.345430   0.360559   0.170196   0.138678   0.120081   0.059644   456.002193   13
624100.000000   636500.000000   0.412407   0.407670   0.310211   0.320734   0.133580   0.130529   0.102196   0.086936   426.414118   1
549000.000000   569100.000000   0.435367   0.449220   0.318385   0.321748   0.148868   0.158492   0.116982   0.127472   424.208675   12
535700.000000   554200.000000   0.423109   0.424969   0.355179   0.351616   0.140603   0.141842   0.067930   0.073353   465.508324   19
654300.000000   653000.000000   0.380098   0.392651   0.297583   0.328288   0.113470   0.121089   0.082514   0.064364   409.703551   21
640200.000000   651000.000000   0.479754   0.490482   0.316547   0.323074   0.180771   0.188945   0.163207   0.167408   416.404851   11
641600.000000   658500.000000   0.395673   0.383723   0.311833   0.334846   0.122960   0.115645   0.083840   0.048877   428.981352   11
591900.000000   614600.000000   0.432825   0.459792   0.348893   0.370501   0.147134   0.166040   0.083932   0.089291   429.516007   16
623600.000000   633700.000000   0.437881   0.427823   0.308018   0.343094   0.150592   0.143753   0.129863   0.084729   446.051567   1
620500.000000   603200.000000   0.401382   0.434138   0.315215   0.322772   0.126534   0.148028   0.086167   0.111366   416.012019   15
620700.000000   625000.000000   0.447002   0.505734   0.333170   0.355971   0.156931   0.200879   0.113832   0.149763   431.983796   1
493000.000000   479400.000000   0.374246   0.392259   0.346673   0.359165   0.110003   0.120847   0.027573   0.033094   432.539016   23
657800.000000   647400.000000   0.499790   0.448949   0.343531   0.360002   0.196184   0.158301   0.156259   0.088947   465.030107   21
567200.000000   561000.000000   0.490317   0.448913   0.299682   0.316084   0.188818   0.158276   0.190635   0.132829   434.294831   12
571500.000000   589800.000000   0.473087   0.446138   0.352833   0.371869   0.175781   0.156325   0.120254   0.074269   417.000000   4
634900.000000   658300.000000   0.387447   0.437232   0.342765   0.339828   0.117900   0.150146   0.044682   0.097404   430.921106   11
658000.000000   662400.000000   0.401002   0.369484   0.284540   0.290908   0.126294   0.107221   0.116462   0.078575   410.173134   20
655100.000000   658500.000000   0.397373   0.382746   0.382367   0.397964   0.124019   0.115056   0.015006   -0.015219   427.931069   21
594000.000000   603200.000000   0.492418   0.487625   0.331009   0.328067   0.190440   0.186750   0.161409   0.159558   424.062495   13
601700.000000   619700.000000   0.471757   0.466246   0.371865   0.375066   0.174794   0.170734   0.099892   0.091180   425.301070   7
628000.000000   660400.000000   0.432107   0.461499   0.348649   0.366611   0.146647   0.167275   0.083458   0.094888   423.133549   11
535000.000000   573200.000000   0.468631   0.471720   0.361501   0.366813   0.172485   0.174767   0.107130   0.104907   421.000000   19
620700.000000   645000.000000   0.480796   0.495915   0.341134   0.363431   0.181557   0.193154   0.139662   0.132484   428.432025   1
624800.000000   609600.000000   0.362606   0.365615   0.368171   0.344485   0.103267   0.104988   -0.005565   0.021130   435.543339   15
583000.000000   616600.000000   0.383646   0.410612   0.359746   0.347373   0.115598   0.132420   0.023900   0.063238   442.431916   16
669800.000000   678700.000000   0.401240   0.412826   0.343202   0.359361   0.126444   0.133852   0.058039   0.053465   458.877979   20
555900.000000   590100.000000   0.402629   0.429126   0.357473   0.354301   0.127321   0.144631   0.045156   0.074826   417.000000   4
594300.000000   601300.000000   0.466014   0.477434   0.342144   0.376972   0.170564   0.179026   0.123870   0.100462   409.000000   13
526300.000000   526700.000000   0.448555   0.463880   0.351955   0.365665   0.158023   0.169006   0.096600   0.098215   429.000000   5
633600.000000   642800.000000   0.446140   0.466328   0.294806   0.315066   0.156326   0.170794   0.151334   0.151262   421.303928   22
571100.000000   589100.000000   0.442503   0.422553   0.319641   0.328101   0.153788   0.140234   0.122862   0.094452   415.877386   4
648900.000000   653000.000000   0.467745   0.514284   0.345733   0.353380   0.171833   0.207728   0.122012   0.160904   458.446289   21
603500.000000   596500.000000   0.406334   0.454644   0.307958   0.338132   0.129675   0.162343   0.098376   0.116512   449.360657   18
652300.000000   666000.000000   0.369369   0.393360   0.336326   0.321482   0.107155   0.121526   0.033043   0.071878   410.443662   20
626700.000000   637500.000000   0.409722   0.381836   0.318325   0.334843   0.131847   0.114510   0.091397   0.046993   437.224199   1
638200.000000   639600.000000   0.463548   0.449018   0.294927   0.301628   0.168764   0.158350   0.168621   0.147390   428.714357   22
633600.000000   635400.000000   0.425417   0.411676   0.273504   0.279971   0.142141   0.133107   0.151913   0.131705   407.276319   22
579500.000000   587600.000000   0.394944   0.385914   0.301910   0.307992   0.122507   0.116969   0.093035   0.077923   426.300364   4
651000.000000   639500.000000   0.429563   0.430455   0.347140   0.388598   0.144925   0.145528   0.082423   0.041858   427.628343   3
628900.000000   656100.000000   0.420574   0.434257   0.314567   0.323820   0.138923   0.148110   0.106007   0.110437   420.115460   11
620700.000000   607200.000000   0.363710   0.399459   0.332912   0.371609   0.103896   0.125324   0.030798   0.027849   448.322429   15
518900.000000   489800.000000   0.414162   0.450379   0.341135   0.355652   0.134719   0.159311   0.073027   0.094727   456.439481   23
653900.000000   650000.000000   0.421496   0.467342   0.333681   0.346848   0.139533   0.171538   0.087815   0.120494   479.066801   21
616900.000000   595100.000000   0.396221   0.418282   0.347434   0.371749   0.123300   0.137413   0.048787   0.046533   445.812741   18
671700.000000   680600.000000   0.448775   0.487276   0.339267   0.334951   0.158178   0.186483   0.109508   0.152325   458.154996   20
660000.000000   656000.000000   0.486352   0.477861   0.361101   0.392002   0.185777   0.179346   0.125251   0.085859   465.549138   21
552400.000000   539400.000000   0.379988   0.381842   0.336085   0.341914   0.113404   0.114514   0.043903   0.039928   443.230189   17
665800.000000   627200.000000   0.455710   0.453116   0.366943   0.370958   0.163105   0.161253   0.088766   0.082158   487.649464   3
649000.000000   664800.000000   0.474496   0.499514   0.322282   0.339494   0.176830   0.195968   0.152215   0.160020   459.412669   20
550200.000000   545300.000000   0.455286   0.474796   0.310238   0.325543   0.162802   0.177053   0.145048   0.149252   479.863522   19
604200.000000   581400.000000   0.466595   0.421407   0.344265   0.355417   0.170990   0.139474   0.122330   0.065991   496.363778   2
593500.000000   594900.000000   0.432300   0.471172   0.319602   0.332313   0.146778   0.174361   0.112698   0.138859   463.952584   13
569400.000000   598400.000000   0.434027   0.460628   0.374813   0.395589   0.147953   0.166644   0.059214   0.065039   490.036733   4
653800.000000   663400.000000   0.398506   0.418537   0.361376   0.370843   0.124727   0.137581   0.037131   0.047694   436.682951   20
564300.000000   546800.000000   0.430774   0.444725   0.348713   0.355621   0.145744   0.155336   0.082061   0.089104   454.281851   10
628700.000000   632200.000000   0.392595   0.397870   0.308347   0.313448   0.121054   0.124329   0.084248   0.084421   434.632028   1
535200.000000   529200.000000   0.419616   0.432866   0.308408   0.328458   0.138291   0.147162   0.111208   0.104408   514.954367   9
605800.000000   623000.000000   0.337440   0.350744   0.293270   0.287591   0.089430   0.096621   0.044170   0.063153   458.628390   7
667300.000000   619200.000000   0.401439   0.416989   0.362986   0.373799   0.126570   0.136565   0.038453   0.043190   466.400043   3
613200.000000   632600.000000   0.468950   0.467327   0.314909   0.320549   0.172720   0.171527   0.154042   0.146778   439.076303   7
618600.000000   621200.000000   0.440049   0.432159   0.294919   0.316888   0.152087   0.146682   0.145130   0.115271   458.628390   7
565400.000000   565500.000000   0.439898   0.478985   0.304841   0.318892   0.151983   0.180191   0.135057   0.160093   441.765775   12
613000.000000   599800.000000   0.530403   0.513695   0.293029   0.308239   0.220954   0.207253   0.237375   0.205456   452.842136   18
612000.000000   617200.000000   0.455038   0.464868   0.329280   0.353968   0.162624   0.169726   0.125758   0.110900   434.883893   7
593600.000000   599900.000000   0.439032   0.425233   0.323459   0.351823   0.151385   0.142018   0.115573   0.073410   435.178124   13
643600.000000   643500.000000   0.372743   0.355373   0.316477   0.303136   0.109121   0.099188   0.056265   0.052236   428.561548   22
656900.000000   638800.000000   0.465489   0.476246   0.330630   0.352613   0.170180   0.178137   0.134859   0.123633   449.541989   3
596500.000000   573300.000000   0.450493   0.451194   0.339438   0.353156   0.159391   0.159888   0.111055   0.098039   473.393071   2
661700.000000   643600.000000   0.385379   0.407204   0.314660   0.336827   0.116645   0.130231   0.070719   0.070377   439.523606   21
473200.000000   452300.000000   0.404905   0.407630   0.346801   0.384761   0.128764   0.130503   0.058104   0.022868   505.063362   25
621500.000000   619500.000000   0.375693   0.396781   0.328161   0.331847   0.110855   0.123649   0.047533   0.064934   455.052744   15
573200.000000   543600.000000   0.403792   0.426665   0.327715   0.342129   0.128057   0.142976   0.076077   0.084536   467.321089   10
648900.000000   629200.000000   0.447750   0.496215   0.315030   0.320807   0.157457   0.193388   0.132720   0.175408   441.774830   3
642300.000000   652400.000000   0.440086   0.398460   0.322622   0.329411   0.152113   0.124698   0.117464   0.069050   467.757416   11
619500.000000   610500.000000   0.471324   0.410924   0.312700   0.321012   0.174473   0.132621   0.158624   0.089912   452.527347   15
549400.000000   559700.000000   0.453250   0.445887   0.351000   0.364372   0.161349   0.156149   0.102251   0.081515   469.570016   19
524000.000000   522200.000000   0.351205   0.313882   0.314075   0.320613   0.096875   0.077379   0.037130   -0.006731   455.455816   5
625700.000000   618700.000000   0.491589   0.534638   0.326201   0.354538   0.189799   0.224497   0.165388   0.180100   461.410880   15
635900.000000   648400.000000   0.375812   0.385858   0.319676   0.319835   0.110926   0.116935   0.056136   0.066023   441.937778   11
525800.000000   510000.000000   0.407371   0.450655   0.339172   0.349947   0.130338   0.159507   0.068199   0.100708   507.024654   5
629600.000000   644200.000000   0.440340   0.431243   0.359859   0.365651   0.152289   0.146061   0.080481   0.065592   481.319021   11
530000.000000   545200.000000   0.454416   0.443339   0.318074   0.328043   0.162180   0.154370   0.136342   0.115296   440.890009   9
651100.000000   618900.000000   0.354894   0.423428   0.315621   0.350837   0.098921   0.140815   0.039273   0.072591   462.031384   3
647100.000000   652800.000000   0.424607   0.423249   0.308253   0.317996   0.141600   0.140696   0.116354   0.105253   483.557649   21
583500.000000   600200.000000   0.440562   0.482015   0.338288   0.326943   0.152442   0.182478   0.102274   0.155071   448.103783   13
634700.000000   651600.000000   0.297651   0.331038   0.314634   0.332826   0.069583   0.086069   -0.016983   -0.001788   432.677709   11
575000.000000   567200.000000   0.490477   0.494009   0.318380   0.336662   0.188941   0.191673   0.172096   0.157347   456.826006   24
641500.000000   616300.000000   0.326884   0.352936   0.362057   0.383162   0.083922   0.097832   -0.035172   -0.030226   451.459854   15
677600.000000   639500.000000   0.355029   0.400629   0.352284   0.389552   0.098996   0.126059   0.002745   0.011077   470.763210   14
660100.000000   643200.000000   0.393857   0.403609   0.347708   0.351913   0.121834   0.127942   0.046149   0.051696   447.320914   21
564000.000000   573100.000000   0.401768   0.412806   0.339290   0.336483   0.126777   0.133839   0.062478   0.076322   456.483297   12
659500.000000   637000.000000   0.364131   0.390122   0.353507   0.366942   0.104137   0.119534   0.010624   0.023180   480.707811   3
630100.000000   652900.000000   0.383860   0.374913   0.308811   0.316068   0.115727   0.110396   0.075050   0.058845   451.116393   11
562200.000000   546900.000000   0.395355   0.421129   0.326524   0.334670   0.122762   0.139290   0.068831   0.086459   459.426817   10
501700.000000   516100.000000   0.442133   0.441767   0.337457   0.356112   0.153531   0.153277   0.104676   0.085655   442.891635   5
651000.000000   660800.000000   0.356527   0.347491   0.321804   0.322025   0.099833   0.094837   0.034724   0.025466   457.971615   20
580300.000000   575200.000000   0.375377   0.327018   0.334336   0.317092   0.110669   0.083991   0.041041   0.009927   444.460347   24
610400.000000   633500.000000   0.493555   0.520982   0.353738   0.349722   0.191320   0.213174   0.139816   0.171259   418.466247   7
661300.000000   653200.000000   0.396071   0.433368   0.348040   0.369006   0.123207   0.147504   0.048032   0.064362   473.004228   21
659100.000000   662600.000000   0.457924   0.447292   0.332054   0.336986   0.164693   0.157135   0.125869   0.110306   448.011161   20
610300.000000   626100.000000   0.421618   0.413599   0.328717   0.337628   0.139613   0.134354   0.092901   0.075971   438.399361   7
548300.000000   545200.000000   0.464806   0.454125   0.304348   0.307440   0.169681   0.161972   0.160458   0.146685   427.200187   19
518100.000000   505500.000000   0.405461   0.427949   0.316696   0.317257   0.129118   0.143838   0.088765   0.110693   467.898493   5
631400.000000   655100.000000   0.440372   0.443583   0.312774   0.322733   0.152311   0.154540   0.127598   0.120850   444.941569   11
541100.000000   544200.000000   0.426761   0.436200   0.362810   0.365178   0.143041   0.149438   0.063951   0.071023   452.769257   9
580400.000000   577400.000000   0.419292   0.440927   0.328001   0.334902   0.138077   0.152695   0.091291   0.106026   416.000000   24
627500.000000   675900.000000   0.415437   0.392990   0.324397   0.343465   0.135550   0.121298   0.091040   0.049525   448.341388   11
653300.000000   640000.000000   0.467888   0.455212   0.301093   0.314491   0.171939   0.162748   0.166795   0.140720   411.351431   3
670600.000000   638700.000000   0.336288   0.351248   0.324875   0.332616   0.088820   0.096899   0.011413   0.018632   448.332466   14
656800.000000   645200.000000   0.362023   0.370789   0.306908   0.294448   0.102935   0.107980   0.055116   0.076341   445.902456   21
641500.000000   643100.000000   0.405564   0.381465   0.291107   0.274203   0.129184   0.114288   0.114457   0.107262   433.132774   22
630800.000000   579700.000000   0.379728   0.405769   0.311838   0.336335   0.113249   0.129315   0.067890   0.069434   438.187175   2
652200.000000   661500.000000   0.390213   0.387183   0.342279   0.365655   0.119590   0.117740   0.047934   0.021528   444.595322   20
537800.000000   529900.000000   0.362190   0.358832   0.353973   0.368609   0.103030   0.101128   0.008217   -0.009777   509.828403   9
629100.000000   634100.000000   0.434455   0.414006   0.332280   0.339874   0.148245   0.134618   0.102175   0.074132   449.739925   1
639800.000000   627300.000000   0.405619   0.408376   0.378682   0.361185   0.129219   0.130982   0.026937   0.047191   448.108246   22
658000.000000   664000.000000   0.429361   0.419786   0.344170   0.349768   0.144789   0.138403   0.085191   0.070017   462.553781   20
583200.000000   590800.000000   0.438117   0.452965   0.305773   0.352143   0.150754   0.161146   0.132343   0.100822   413.309811   13
569800.000000   542700.000000   0.378683   0.378683   0.339758   0.339758   0.112627   0.112627   0.038925   0.038925   492.411413   10
649800.000000   648000.000000   0.386209   0.405653   0.333985   0.340984   0.117148   0.129241   0.052224   0.064669   417.642191   21
639900.000000   638500.000000   0.447292   0.417783   0.320233   0.332407   0.157135   0.137085   0.127060   0.085376   422.246374   22
563700.000000   574900.000000   0.368673   0.428875   0.353302   0.391103   0.106751   0.144461   0.015371   0.037771   452.283097   12
652800.000000   651100.000000   0.454490   0.424617   0.298874   0.304506   0.162233   0.141607   0.155616   0.120110   442.421744   21
522900.000000   538100.000000   0.427605   0.459176   0.330830   0.354349   0.143607   0.165595   0.096775   0.104826   435.035631   9
642600.000000   623000.000000   0.423834   0.440910   0.342534   0.375998   0.141085   0.152682   0.081300   0.064912   440.023863   3
550700.000000   557200.000000   0.494209   0.498357   0.372665   0.393350   0.191827   0.195061   0.121543   0.105007   454.128836   19
570200.000000   547500.000000   0.458939   0.470943   0.359176   0.377015   0.165424   0.174192   0.099763   0.093928   467.026766   10
628300.000000   624600.000000   0.439534   0.453101   0.331237   0.332847   0.151731   0.161243   0.108297   0.120254   450.344313   1
582300.000000   596800.000000   0.472480   0.445674   0.313070   0.330893   0.175330   0.156000   0.159410   0.114781   426.300364   13
533500.000000   539500.000000   0.480304   0.493838   0.336938   0.351504   0.181185   0.191539   0.143366   0.142333   436.867257   9
663600.000000   663500.000000   0.469606   0.474954   0.332130   0.336967   0.173204   0.177171   0.137476   0.137987   445.538999   20
540100.000000   525000.000000   0.385948   0.419957   0.304938   0.327749   0.116989   0.138516   0.081010   0.092208   444.406346   9
DB= 
14.233154
Silho= 
0.413620
